159
350
363
205
259
337
93
311
200
354
159
350
363
205
259
337
93
311
200
354
159
350
363
205
259
337
93
311
200
354
159
350
363
205
259
337
93
311
200
354
159
350
363
205
259
337
93
311
200
354
159
350
363
205
259
337
93
311
200
354
159
350
363
205
259
337
93
311
200
354
159
350
363
205
259
337
93
311
200
354
159
350
363
205
259
337
93
311
200
354
159
350
363
205
259
337
93
311
200
354
159
350
363
205
259
337
93
311
200
354
159
350
363
205
259
337
93
311
200
354
159
350
363
205
259
337
93
311
200
354
159
350
363
205
259
337
93
311
200
354
159
350
363
205
259
337
93
311
200
354
159
350
363
205
259
337
93
311
200
354
159
350
363
205
259
337
93
311
200
354
159
350
363
205
259
337
93
311
200
354
159
350
363
205
259
337
93
311
200
354
159
350
363
205
259
337
93
311
200
354
159
350
363
205
259
337
93
311
200
354
159
350
363
205
259
337
93
311
200
354
159
350
363
205
259
337
93
311
200
354
159
350
363
205
259
337
93
311
200
354
159
350
363
205
259
337
93
311
200
354
159
350
363
205
259
337
93
311
200
354
159
350
363
205
259
337
93
311
200
354
159
350
363
205
259
337
93
311
200
354
159
350
363
205
259
337
93
311
200
354
159
350
363
205
259
337
93
311
200
354
159
350
363
205
259
337
93
311
200
354
159
350
363
205
259
337
93
311
200
354
159
350
363
205
259
337
93
311
200
354
159
350
363
205
259
337
93
311
200
354
159
350
363
205
259
337
93
311
200
354
159
350
363
205
259
337
93
311
200
354
159
350
363
205
259
337
93
311
200
354
159
350
363
205
259
337
93
311
200
354
159
350
363
205
259
337
93
311
200
354
159
350
363
205
259
337
93
311
200
354
159
350
363
205
259
337
93
311
200
354
159
350
363
205
259
337
93
311
200
354
159
350
363
205
259
337
93
311
200
354
159
350
363
205
259
337
93
311
200
354
159
350
363
205
259
337
93
311
200
354
159
350
363
205
259
337
93
311
200
354
159
350
363
205
259
337
93
311
200
354
159
350
363
205
259
337
93
311
200
354
159
350
363
205
259
337
93
311
200
354
159
350
363
205
259
337
93
311
200
354
