197
47
468
222
220
301
330
59
157
14
197
47
468
222
220
301
330
59
157
14
197
47
468
222
220
301
330
59
157
14
197
47
468
222
220
301
330
59
157
14
197
47
468
222
220
301
330
59
157
14
197
47
468
222
220
301
330
59
157
14
197
47
468
222
220
301
330
59
157
14
197
47
468
222
220
301
330
59
157
14
197
47
468
222
220
301
330
59
157
14
197
47
468
222
220
301
330
59
157
14
197
47
468
222
220
301
330
59
157
14
197
47
468
222
220
301
330
59
157
14
197
47
468
222
220
301
330
59
157
14
197
47
468
222
220
301
330
59
157
14
197
47
468
222
220
301
330
59
157
14
197
47
468
222
220
301
330
59
157
14
197
47
468
222
220
301
330
59
157
14
197
47
468
222
220
301
330
59
157
14
197
47
468
222
220
301
330
59
157
14
197
47
468
222
220
301
330
59
157
14
197
47
468
222
220
301
330
59
157
14
197
47
468
222
220
301
330
59
157
14
197
47
468
222
220
301
330
59
157
14
197
47
468
222
220
301
330
59
157
14
197
47
468
222
220
301
330
59
157
14
197
47
468
222
220
301
330
59
157
14
197
47
468
222
220
301
330
59
157
14
197
47
468
222
220
301
330
59
157
14
197
47
468
222
220
301
330
59
157
14
197
47
468
222
220
301
330
59
157
14
197
47
468
222
220
301
330
59
157
14
197
47
468
222
220
301
330
59
157
14
197
47
468
222
220
301
330
59
157
14
197
47
468
222
220
301
330
59
157
14
197
47
468
222
220
301
330
59
157
14
197
47
468
222
220
301
330
59
157
14
197
47
468
222
220
301
330
59
157
14
197
47
468
222
220
301
330
59
157
14
197
47
468
222
220
301
330
59
157
14
197
47
468
222
220
301
330
59
157
14
197
47
468
222
220
301
330
59
157
14
197
47
468
222
220
301
330
59
157
14
197
47
468
222
220
301
330
59
157
14
197
47
468
222
220
301
330
59
157
14
197
47
468
222
220
301
330
59
157
14
197
47
468
222
220
301
330
59
157
14
197
47
468
222
220
301
330
59
157
14
197
47
468
222
220
301
330
59
157
14
197
47
468
222
220
301
330
59
157
14
197
47
468
222
220
301
330
59
157
14
