11
13
23
43
24
11
13
23
43
24
11
13
23
43
24
11
13
23
43
24
11
13
23
43
24
11
13
23
43
24
11
13
23
43
24
11
13
23
43
24
11
13
23
43
24
11
13
23
43
24
11
13
23
43
24
11
13
23
43
24
11
13
23
43
24
11
13
23
43
24
11
13
23
43
24
11
13
23
43
24
11
13
23
43
24
11
13
23
43
24
11
13
23
43
24
11
13
23
43
24
11
13
23
43
24
11
13
23
43
24
11
13
23
43
24
11
13
23
43
24
11
13
23
43
24
11
13
23
43
24
11
13
23
43
24
11
13
23
43
24
11
13
23
43
24
11
13
23
43
24
11
13
23
43
24
11
13
23
43
24
11
13
23
43
24
11
13
23
43
24
11
13
23
43
24
11
13
23
43
24
11
13
23
43
24
11
13
23
43
24
11
13
23
43
24
11
13
23
43
24
11
13
23
43
24
11
13
23
43
24
11
13
23
43
24
11
13
23
43
24
11
13
23
43
24
11
13
23
43
24
11
13
23
43
24
11
13
23
43
24
11
13
23
43
24
11
13
23
43
24
