155
50
171
116
31
155
50
171
116
31
155
50
171
116
31
155
50
171
116
31
155
50
171
116
31
155
50
171
116
31
155
50
171
116
31
155
50
171
116
31
155
50
171
116
31
155
50
171
116
31
155
50
171
116
31
155
50
171
116
31
155
50
171
116
31
155
50
171
116
31
155
50
171
116
31
155
50
171
116
31
155
50
171
116
31
155
50
171
116
31
155
50
171
116
31
155
50
171
116
31
155
50
171
116
31
155
50
171
116
31
155
50
171
116
31
155
50
171
116
31
155
50
171
116
31
155
50
171
116
31
155
50
171
116
31
155
50
171
116
31
155
50
171
116
31
155
50
171
116
31
155
50
171
116
31
155
50
171
116
31
155
50
171
116
31
155
50
171
116
31
155
50
171
116
31
155
50
171
116
31
155
50
171
116
31
155
50
171
116
31
155
50
171
116
31
155
50
171
116
31
155
50
171
116
31
155
50
171
116
31
155
50
171
116
31
155
50
171
116
31
155
50
171
116
31
155
50
171
116
31
155
50
171
116
31
155
50
171
116
31
155
50
171
116
31
155
50
171
116
31
