4046
3910
1375
3200
2739
1285
3932
1063
2680
3995
3490
2736
123
2961
3325
2406
1041
2724
2862
669
4046
3910
1375
3200
2739
1285
3932
1063
2680
3995
3490
2736
123
2961
3325
2406
1041
2724
2862
669
4046
3910
1375
3200
2739
1285
3932
1063
2680
3995
3490
2736
123
2961
3325
2406
1041
2724
2862
669
4046
3910
1375
3200
2739
1285
3932
1063
2680
3995
3490
2736
123
2961
3325
2406
1041
2724
2862
669
4046
3910
1375
3200
2739
1285
3932
1063
2680
3995
3490
2736
123
2961
3325
2406
1041
2724
2862
669
4046
3910
1375
3200
2739
1285
3932
1063
2680
3995
3490
2736
123
2961
3325
2406
1041
2724
2862
669
4046
3910
1375
3200
2739
1285
3932
1063
2680
3995
3490
2736
123
2961
3325
2406
1041
2724
2862
669
4046
3910
1375
3200
2739
1285
3932
1063
2680
3995
3490
2736
123
2961
3325
2406
1041
2724
2862
669
4046
3910
1375
3200
2739
1285
3932
1063
2680
3995
3490
2736
123
2961
3325
2406
1041
2724
2862
669
4046
3910
1375
3200
2739
1285
3932
1063
2680
3995
3490
2736
123
2961
3325
2406
1041
2724
2862
669
4046
3910
1375
3200
2739
1285
3932
1063
2680
3995
3490
2736
123
2961
3325
2406
1041
2724
2862
669
4046
3910
1375
3200
2739
1285
3932
1063
2680
3995
3490
2736
123
2961
3325
2406
1041
2724
2862
669
4046
3910
1375
3200
2739
1285
3932
1063
2680
3995
3490
2736
123
2961
3325
2406
1041
2724
2862
669
4046
3910
1375
3200
2739
1285
3932
1063
2680
3995
3490
2736
123
2961
3325
2406
1041
2724
2862
669
4046
3910
1375
3200
2739
1285
3932
1063
2680
3995
3490
2736
123
2961
3325
2406
1041
2724
2862
669
4046
3910
1375
3200
2739
1285
3932
1063
2680
3995
3490
2736
123
2961
3325
2406
1041
2724
2862
669
4046
3910
1375
3200
2739
1285
3932
1063
2680
3995
3490
2736
123
2961
3325
2406
1041
2724
2862
669
4046
3910
1375
3200
2739
1285
3932
1063
2680
3995
3490
2736
123
2961
3325
2406
1041
2724
2862
669
4046
3910
1375
3200
2739
1285
3932
1063
2680
3995
3490
2736
123
2961
3325
2406
1041
2724
2862
669
4046
3910
1375
3200
2739
1285
3932
1063
2680
3995
3490
2736
123
2961
3325
2406
1041
2724
2862
669
4046
3910
1375
3200
2739
1285
3932
1063
2680
3995
3490
2736
123
2961
3325
2406
1041
2724
2862
669
4046
3910
1375
3200
2739
1285
3932
1063
2680
3995
3490
2736
123
2961
3325
2406
1041
2724
2862
669
4046
3910
1375
3200
2739
1285
3932
1063
2680
3995
3490
2736
123
2961
3325
2406
1041
2724
2862
669
4046
3910
1375
3200
2739
1285
3932
1063
2680
3995
3490
2736
123
2961
3325
2406
1041
2724
2862
669
4046
3910
1375
3200
2739
1285
3932
1063
2680
3995
3490
2736
123
2961
3325
2406
1041
2724
2862
669
4046
3910
1375
3200
2739
1285
3932
1063
2680
3995
3490
2736
123
2961
3325
2406
1041
2724
2862
669
4046
3910
1375
3200
2739
1285
3932
1063
2680
3995
3490
2736
123
2961
3325
2406
1041
2724
2862
669
4046
3910
1375
3200
2739
1285
3932
1063
2680
3995
3490
2736
123
2961
3325
2406
1041
2724
2862
669
4046
3910
1375
3200
2739
1285
3932
1063
2680
3995
3490
2736
123
2961
3325
2406
1041
2724
2862
669
4046
3910
1375
3200
2739
1285
3932
1063
2680
3995
3490
2736
123
2961
3325
2406
1041
2724
2862
669
4046
3910
1375
3200
2739
1285
3932
1063
2680
3995
3490
2736
123
2961
3325
2406
1041
2724
2862
669
4046
3910
1375
3200
2739
1285
3932
1063
2680
3995
3490
2736
123
2961
3325
2406
1041
2724
2862
669
4046
3910
1375
3200
2739
1285
3932
1063
2680
3995
3490
2736
123
2961
3325
2406
1041
2724
2862
669
4046
3910
1375
3200
2739
1285
3932
1063
2680
3995
3490
2736
123
2961
3325
2406
1041
2724
2862
669
4046
3910
1375
3200
2739
1285
3932
1063
2680
3995
3490
2736
123
2961
3325
2406
1041
2724
2862
669
4046
3910
1375
3200
2739
1285
3932
1063
2680
3995
3490
2736
123
2961
3325
2406
1041
2724
2862
669
4046
3910
1375
3200
2739
1285
3932
1063
2680
3995
3490
2736
123
2961
3325
2406
1041
2724
2862
669
4046
3910
1375
3200
2739
1285
3932
1063
2680
3995
3490
2736
123
2961
3325
2406
1041
2724
2862
669
4046
3910
1375
3200
2739
1285
3932
1063
2680
3995
3490
2736
123
2961
3325
2406
1041
2724
2862
669
4046
3910
1375
3200
2739
1285
3932
1063
2680
3995
3490
2736
123
2961
3325
2406
1041
2724
2862
669
4046
3910
1375
3200
2739
1285
3932
1063
2680
3995
3490
2736
123
2961
3325
2406
1041
2724
2862
669
4046
3910
1375
3200
2739
1285
3932
1063
2680
3995
3490
2736
123
2961
3325
2406
1041
2724
2862
669
4046
3910
1375
3200
2739
1285
3932
1063
2680
3995
3490
2736
123
2961
3325
2406
1041
2724
2862
669
4046
3910
1375
3200
2739
1285
3932
1063
2680
3995
3490
2736
123
2961
3325
2406
1041
2724
2862
669
4046
3910
1375
3200
2739
1285
3932
1063
2680
3995
3490
2736
123
2961
3325
2406
1041
2724
2862
669
4046
3910
1375
3200
2739
1285
3932
1063
2680
3995
3490
2736
123
2961
3325
2406
1041
2724
2862
669
4046
3910
1375
3200
2739
1285
3932
1063
2680
3995
3490
2736
123
2961
3325
2406
1041
2724
2862
669
4046
3910
1375
3200
2739
1285
3932
1063
2680
3995
3490
2736
123
2961
3325
2406
1041
2724
2862
669
4046
3910
1375
3200
2739
1285
3932
1063
2680
3995
3490
2736
123
2961
3325
2406
1041
2724
2862
669
4046
3910
1375
3200
2739
1285
3932
1063
2680
3995
3490
2736
123
2961
3325
2406
1041
2724
2862
669
