23
104
25
94
112
95
97
743
45
201
88
41
126
29
58
593
109
267
326
624
23
104
25
94
112
95
97
743
45
201
88
41
126
29
58
593
109
267
326
624
23
104
25
94
112
95
97
743
45
201
88
41
126
29
58
593
109
267
326
624
23
104
25
94
112
95
97
743
45
201
88
41
126
29
58
593
109
267
326
624
23
104
25
94
112
95
97
743
45
201
88
41
126
29
58
593
109
267
326
624
23
104
25
94
112
95
97
743
45
201
88
41
126
29
58
593
109
267
326
624
23
104
25
94
112
95
97
743
45
201
88
41
126
29
58
593
109
267
326
624
23
104
25
94
112
95
97
743
45
201
88
41
126
29
58
593
109
267
326
624
23
104
25
94
112
95
97
743
45
201
88
41
126
29
58
593
109
267
326
624
23
104
25
94
112
95
97
743
45
201
88
41
126
29
58
593
109
267
326
624
23
104
25
94
112
95
97
743
45
201
88
41
126
29
58
593
109
267
326
624
23
104
25
94
112
95
97
743
45
201
88
41
126
29
58
593
109
267
326
624
23
104
25
94
112
95
97
743
45
201
88
41
126
29
58
593
109
267
326
624
23
104
25
94
112
95
97
743
45
201
88
41
126
29
58
593
109
267
326
624
23
104
25
94
112
95
97
743
45
201
88
41
126
29
58
593
109
267
326
624
23
104
25
94
112
95
97
743
45
201
88
41
126
29
58
593
109
267
326
624
23
104
25
94
112
95
97
743
45
201
88
41
126
29
58
593
109
267
326
624
23
104
25
94
112
95
97
743
45
201
88
41
126
29
58
593
109
267
326
624
23
104
25
94
112
95
97
743
45
201
88
41
126
29
58
593
109
267
326
624
23
104
25
94
112
95
97
743
45
201
88
41
126
29
58
593
109
267
326
624
23
104
25
94
112
95
97
743
45
201
88
41
126
29
58
593
109
267
326
624
23
104
25
94
112
95
97
743
45
201
88
41
126
29
58
593
109
267
326
624
23
104
25
94
112
95
97
743
45
201
88
41
126
29
58
593
109
267
326
624
23
104
25
94
112
95
97
743
45
201
88
41
126
29
58
593
109
267
326
624
23
104
25
94
112
95
97
743
45
201
88
41
126
29
58
593
109
267
326
624
23
104
25
94
112
95
97
743
45
201
88
41
126
29
58
593
109
267
326
624
23
104
25
94
112
95
97
743
45
201
88
41
126
29
58
593
109
267
326
624
23
104
25
94
112
95
97
743
45
201
88
41
126
29
58
593
109
267
326
624
23
104
25
94
112
95
97
743
45
201
88
41
126
29
58
593
109
267
326
624
23
104
25
94
112
95
97
743
45
201
88
41
126
29
58
593
109
267
326
624
23
104
25
94
112
95
97
743
45
201
88
41
126
29
58
593
109
267
326
624
23
104
25
94
112
95
97
743
45
201
88
41
126
29
58
593
109
267
326
624
23
104
25
94
112
95
97
743
45
201
88
41
126
29
58
593
109
267
326
624
23
104
25
94
112
95
97
743
45
201
88
41
126
29
58
593
109
267
326
624
23
104
25
94
112
95
97
743
45
201
88
41
126
29
58
593
109
267
326
624
23
104
25
94
112
95
97
743
45
201
88
41
126
29
58
593
109
267
326
624
23
104
25
94
112
95
97
743
45
201
88
41
126
29
58
593
109
267
326
624
23
104
25
94
112
95
97
743
45
201
88
41
126
29
58
593
109
267
326
624
23
104
25
94
112
95
97
743
45
201
88
41
126
29
58
593
109
267
326
624
23
104
25
94
112
95
97
743
45
201
88
41
126
29
58
593
109
267
326
624
23
104
25
94
112
95
97
743
45
201
88
41
126
29
58
593
109
267
326
624
23
104
25
94
112
95
97
743
45
201
88
41
126
29
58
593
109
267
326
624
23
104
25
94
112
95
97
743
45
201
88
41
126
29
58
593
109
267
326
624
23
104
25
94
112
95
97
743
45
201
88
41
126
29
58
593
109
267
326
624
23
104
25
94
112
95
97
743
45
201
88
41
126
29
58
593
109
267
326
624
23
104
25
94
112
95
97
743
45
201
88
41
126
29
58
593
109
267
326
624
23
104
25
94
112
95
97
743
45
201
88
41
126
29
58
593
109
267
326
624
23
104
25
94
112
95
97
743
45
201
88
41
126
29
58
593
109
267
326
624
23
104
25
94
112
95
97
743
45
201
88
41
126
29
58
593
109
267
326
624
23
104
25
94
112
95
97
743
45
201
88
41
126
29
58
593
109
267
326
624
