477
27
453
313
479
525
480
397
279
281
392
328
561
76
25
720
24
276
663
82
78
284
178
314
474
32
717
711
569
723
97
29
179
304
1966
477
27
453
313
479
525
480
397
279
281
392
328
561
76
25
720
24
276
663
82
78
284
178
314
474
32
717
711
569
723
97
29
179
304
1966
477
27
453
313
479
525
480
397
279
281
392
328
561
76
25
720
24
276
663
82
78
284
178
314
474
32
717
711
569
723
97
29
179
304
1966
477
27
453
313
479
525
480
397
279
281
392
328
561
76
25
720
24
276
663
82
78
284
178
314
474
32
717
711
569
723
97
29
179
304
1966
477
27
453
313
479
525
480
397
279
281
392
328
561
76
25
720
24
276
663
82
78
284
178
314
474
32
717
711
569
723
97
29
179
304
1966
477
27
453
313
479
525
480
397
279
281
392
328
561
76
25
720
24
276
663
82
78
284
178
314
474
32
717
711
569
723
97
29
179
304
1966
477
27
453
313
479
525
480
397
279
281
392
328
561
76
25
720
24
276
663
82
78
284
178
314
474
32
717
711
569
723
97
29
179
304
1966
477
27
453
313
479
525
480
397
279
281
392
328
561
76
25
720
24
276
663
82
78
284
178
314
474
32
717
711
569
723
97
29
179
304
1966
477
27
453
313
479
525
480
397
279
281
392
328
561
76
25
720
24
276
663
82
78
284
178
314
474
32
717
711
569
723
97
29
179
304
1966
477
27
453
313
479
525
480
397
279
281
392
328
561
76
25
720
24
276
663
82
78
284
178
314
474
32
717
711
569
723
97
29
179
304
1966
477
27
453
313
479
525
480
397
279
281
392
328
561
76
25
720
24
276
663
82
78
284
178
314
474
32
717
711
569
723
97
29
179
304
1966
477
27
453
313
479
525
480
397
279
281
392
328
561
76
25
720
24
276
663
82
78
284
178
314
474
32
717
711
569
723
97
29
179
304
1966
477
27
453
313
479
525
480
397
279
281
392
328
561
76
25
720
24
276
663
82
78
284
178
314
474
32
717
711
569
723
97
29
179
304
1966
477
27
453
313
479
525
480
397
279
281
392
328
561
76
25
720
24
276
663
82
78
284
178
314
474
32
717
711
569
723
97
29
179
304
1966
477
27
453
313
479
525
480
397
279
281
392
328
561
76
25
720
24
276
663
82
78
284
178
314
474
32
717
711
569
723
97
29
179
304
1966
477
27
453
313
479
525
480
397
279
281
392
328
561
76
25
720
24
276
663
82
78
284
178
314
474
32
717
711
569
723
97
29
179
304
1966
477
27
453
313
479
525
480
397
279
281
392
328
561
76
25
720
24
276
663
82
78
284
178
314
474
32
717
711
569
723
97
29
179
304
1966
477
27
453
313
479
525
480
397
279
281
392
328
561
76
25
720
24
276
663
82
78
284
178
314
474
32
717
711
569
723
97
29
179
304
1966
477
27
453
313
479
525
480
397
279
281
392
328
561
76
25
720
24
276
663
82
78
284
178
314
474
32
717
711
569
723
97
29
179
304
1966
477
27
453
313
479
525
480
397
279
281
392
328
561
76
25
720
24
276
663
82
78
284
178
314
474
32
717
711
569
723
97
29
179
304
1966
477
27
453
313
479
525
480
397
279
281
392
328
561
76
25
720
24
276
663
82
78
284
178
314
474
32
717
711
569
723
97
29
179
304
1966
477
27
453
313
479
525
480
397
279
281
392
328
561
76
25
720
24
276
663
82
78
284
178
314
474
32
717
711
569
723
97
29
179
304
1966
477
27
453
313
479
525
480
397
279
281
392
328
561
76
25
720
24
276
663
82
78
284
178
314
474
32
717
711
569
723
97
29
179
304
1966
477
27
453
313
479
525
480
397
279
281
392
328
561
76
25
720
24
276
663
82
78
284
178
314
474
32
717
711
569
723
97
29
179
304
1966
477
27
453
313
479
525
480
397
279
281
392
328
561
76
25
720
24
276
663
82
78
284
178
314
474
32
717
711
569
723
97
29
179
304
1966
477
27
453
313
479
525
480
397
279
281
392
328
561
76
25
720
24
276
663
82
78
284
178
314
474
32
717
711
569
723
97
29
179
304
1966
477
27
453
313
479
525
480
397
279
281
392
328
561
76
25
720
24
276
663
82
78
284
178
314
474
32
717
711
569
723
97
29
179
304
1966
477
27
453
313
479
525
480
397
279
281
392
328
561
76
25
720
24
276
663
82
78
284
178
314
474
32
717
711
569
723
97
29
179
304
1966
477
27
453
313
479
525
480
397
279
281
392
328
561
76
25
720
24
276
663
82
78
284
178
314
474
32
717
711
569
723
97
29
179
304
1966
477
27
453
313
479
525
480
397
279
281
392
328
561
76
25
720
24
276
663
82
78
284
178
314
474
32
717
711
569
723
97
29
179
304
1966
477
27
453
313
479
525
480
397
279
281
392
328
561
76
25
720
24
276
663
82
78
284
178
314
474
32
717
711
569
723
97
29
179
304
1966
477
27
453
313
479
525
480
397
279
281
392
328
561
76
25
720
24
276
663
82
78
284
178
314
474
32
717
711
569
723
97
29
179
304
1966
477
27
453
313
479
525
480
397
279
281
392
328
561
76
25
720
24
276
663
82
78
284
178
314
474
32
717
711
569
723
97
29
179
304
1966
477
27
453
313
479
525
480
397
279
281
392
328
561
76
25
720
24
276
663
82
78
284
178
314
474
32
717
711
569
723
97
29
179
304
1966
477
27
453
313
479
525
480
397
279
281
392
328
561
76
25
720
24
276
663
82
78
284
178
314
474
32
717
711
569
723
97
29
179
304
1966
477
27
453
313
479
525
480
397
279
281
392
328
561
76
25
720
24
276
663
82
78
284
178
314
474
32
717
711
569
723
97
29
179
304
1966
477
27
453
313
479
525
480
397
279
281
392
328
561
76
25
720
24
276
663
82
78
284
178
314
474
32
717
711
569
723
97
29
179
304
1966
477
27
453
313
479
525
480
397
279
281
392
328
561
76
25
720
24
276
663
82
78
284
178
314
474
32
717
711
569
723
97
29
179
304
1966
477
27
453
313
479
525
480
397
279
281
392
328
561
76
25
720
24
276
663
82
78
284
178
314
474
32
717
711
569
723
97
29
179
304
1966
477
27
453
313
479
525
480
397
279
281
392
328
561
76
25
720
24
276
663
82
78
284
178
314
474
32
717
711
569
723
97
29
179
304
1966
477
27
453
313
479
525
480
397
279
281
392
328
561
76
25
720
24
276
663
82
78
284
178
314
474
32
717
711
569
723
97
29
179
304
1966
477
27
453
313
479
525
480
397
279
281
392
328
561
76
25
720
24
276
663
82
78
284
178
314
474
32
717
711
569
723
97
29
179
304
1966
477
27
453
313
479
525
480
397
279
281
392
328
561
76
25
720
24
276
663
82
78
284
178
314
474
32
717
711
569
723
97
29
179
304
1966
477
27
453
313
479
525
480
397
279
281
392
328
561
76
25
720
24
276
663
82
78
284
178
314
474
32
717
711
569
723
97
29
179
304
1966
477
27
453
313
479
525
480
397
279
281
392
328
561
76
25
720
24
276
663
82
78
284
178
314
474
32
717
711
569
723
97
29
179
304
1966
477
27
453
313
479
525
480
397
279
281
392
328
561
76
25
720
24
276
663
82
78
284
178
314
474
32
717
711
569
723
97
29
179
304
1966
477
27
453
313
479
525
480
397
279
281
392
328
561
76
25
720
24
276
663
82
78
284
178
314
474
32
717
711
569
723
97
29
179
304
1966
477
27
453
313
479
525
480
397
279
281
392
328
561
76
25
720
24
276
663
82
78
284
178
314
474
32
717
711
569
723
97
29
179
304
1966
477
27
453
313
479
525
480
397
279
281
392
328
561
76
25
720
24
276
663
82
78
284
178
314
474
32
717
711
569
723
97
29
179
304
1966
477
27
453
313
479
525
480
397
279
281
392
328
561
76
25
720
24
276
663
82
78
284
178
314
474
32
717
711
569
723
97
29
179
304
1966
