40
95
12
34
32
40
95
12
34
32
40
95
12
34
32
40
95
12
34
32
40
95
12
34
32
40
95
12
34
32
40
95
12
34
32
40
95
12
34
32
40
95
12
34
32
40
95
12
34
32
40
95
12
34
32
40
95
12
34
32
40
95
12
34
32
40
95
12
34
32
40
95
12
34
32
40
95
12
34
32
40
95
12
34
32
40
95
12
34
32
40
95
12
34
32
40
95
12
34
32
40
95
12
34
32
40
95
12
34
32
40
95
12
34
32
40
95
12
34
32
40
95
12
34
32
40
95
12
34
32
40
95
12
34
32
40
95
12
34
32
40
95
12
34
32
40
95
12
34
32
40
95
12
34
32
40
95
12
34
32
40
95
12
34
32
40
95
12
34
32
40
95
12
34
32
40
95
12
34
32
40
95
12
34
32
40
95
12
34
32
40
95
12
34
32
40
95
12
34
32
40
95
12
34
32
40
95
12
34
32
40
95
12
34
32
40
95
12
34
32
40
95
12
34
32
40
95
12
34
32
40
95
12
34
32
40
95
12
34
32
40
95
12
34
32
40
95
12
34
32
