2
172
175
161
39
148
6
72
93
112
26
12
120
125
88
11
15
181
118
57
155
26
24
125
191
78
30
161
149
92
196
76
158
42
139
79
142
50
16
33
181
21
19
148
39
99
49
16
10
11
194
20
60
88
151
140
190
32
135
118
44
121
54
140
61
174
30
161
124
158
52
130
108
15
157
53
65
69
68
186
46
167
199
34
126
6
174
73
182
122
130
142
68
116
71
11
126
21
110
161
150
183
198
100
128
76
39
127
10
31
120
47
142
89
79
180
144
158
86
169
185
68
116
43
62
156
117
76
75
32
35
188
173
132
175
77
117
190
181
101
187
194
30
81
71
95
118
38
9
99
10
60
92
83
189
144
180
76
152
29
123
87
37
29
128
51
9
120
49
170
124
195
193
55
14
71
33
98
29
199
66
94
4
151
72
141
116
81
55
124
65
192
59
80
152
4
47
36
95
132
197
40
121
132
100
2
171
6
185
5
165
147
8
168
160
116
169
135
10
142
139
89
31
199
124
196
49
2
42
119
149
163
65
172
194
191
64
10
139
147
174
56
32
176
199
197
108
130
102
115
78
73
105
20
193
63
91
44
135
157
133
195
13
178
15
109
32
95
97
90
82
103
59
192
180
11
25
121
112
46
70
153
12
1
121
51
135
34
17
69
73
36
75
199
119
116
50
140
169
150
150
184
9
126
142
199
39
177
152
31
26
187
9
189
39
40
29
153
122
159
195
63
35
107
29
68
181
136
114
141
161
114
151
149
72
10
39
108
116
150
48
137
38
43
195
85
17
158
149
74
156
166
119
182
146
73
72
97
39
126
128
76
116
59
69
114
94
30
121
123
61
122
28
127
151
53
74
55
49
197
161
83
41
159
32
195
17
51
179
24
86
5
65
35
18
150
169
94
180
98
163
95
139
88
69
20
10
87
2
192
131
127
88
187
93
38
37
95
24
180
90
2
163
62
100
117
114
131
96
20
22
149
21
8
105
130
108
28
125
93
111
163
100
138
188
162
153
185
28
93
71
46
80
123
157
159
137
171
136
168
167
63
69
114
171
73
181
132
78
160
137
153
178
102
174
8
99
163
122
156
4
143
89
11
148
199
114
75
57
52
189
100
24
62
15
153
195
54
144
186
