311
33
401
465
179
299
276
120
402
225
311
33
401
465
179
299
276
120
402
225
311
33
401
465
179
299
276
120
402
225
311
33
401
465
179
299
276
120
402
225
311
33
401
465
179
299
276
120
402
225
311
33
401
465
179
299
276
120
402
225
311
33
401
465
179
299
276
120
402
225
311
33
401
465
179
299
276
120
402
225
311
33
401
465
179
299
276
120
402
225
311
33
401
465
179
299
276
120
402
225
311
33
401
465
179
299
276
120
402
225
311
33
401
465
179
299
276
120
402
225
311
33
401
465
179
299
276
120
402
225
311
33
401
465
179
299
276
120
402
225
311
33
401
465
179
299
276
120
402
225
311
33
401
465
179
299
276
120
402
225
311
33
401
465
179
299
276
120
402
225
311
33
401
465
179
299
276
120
402
225
311
33
401
465
179
299
276
120
402
225
311
33
401
465
179
299
276
120
402
225
311
33
401
465
179
299
276
120
402
225
311
33
401
465
179
299
276
120
402
225
311
33
401
465
179
299
276
120
402
225
311
33
401
465
179
299
276
120
402
225
311
33
401
465
179
299
276
120
402
225
311
33
401
465
179
299
276
120
402
225
311
33
401
465
179
299
276
120
402
225
311
33
401
465
179
299
276
120
402
225
311
33
401
465
179
299
276
120
402
225
311
33
401
465
179
299
276
120
402
225
311
33
401
465
179
299
276
120
402
225
311
33
401
465
179
299
276
120
402
225
311
33
401
465
179
299
276
120
402
225
311
33
401
465
179
299
276
120
402
225
311
33
401
465
179
299
276
120
402
225
311
33
401
465
179
299
276
120
402
225
311
33
401
465
179
299
276
120
402
225
311
33
401
465
179
299
276
120
402
225
311
33
401
465
179
299
276
120
402
225
311
33
401
465
179
299
276
120
402
225
311
33
401
465
179
299
276
120
402
225
311
33
401
465
179
299
276
120
402
225
311
33
401
465
179
299
276
120
402
225
311
33
401
465
179
299
276
120
402
225
311
33
401
465
179
299
276
120
402
225
311
33
401
465
179
299
276
120
402
225
311
33
401
465
179
299
276
120
402
225
311
33
401
465
179
299
276
120
402
225
311
33
401
465
179
299
276
120
402
225
311
33
401
465
179
299
276
120
402
225
