79
93
52
33
5
79
93
52
33
5
79
93
52
33
5
79
93
52
33
5
79
93
52
33
5
79
93
52
33
5
79
93
52
33
5
79
93
52
33
5
79
93
52
33
5
79
93
52
33
5
79
93
52
33
5
79
93
52
33
5
79
93
52
33
5
79
93
52
33
5
79
93
52
33
5
79
93
52
33
5
79
93
52
33
5
79
93
52
33
5
79
93
52
33
5
79
93
52
33
5
79
93
52
33
5
79
93
52
33
5
79
93
52
33
5
79
93
52
33
5
79
93
52
33
5
79
93
52
33
5
79
93
52
33
5
79
93
52
33
5
79
93
52
33
5
79
93
52
33
5
79
93
52
33
5
79
93
52
33
5
79
93
52
33
5
79
93
52
33
5
79
93
52
33
5
79
93
52
33
5
79
93
52
33
5
79
93
52
33
5
79
93
52
33
5
79
93
52
33
5
79
93
52
33
5
79
93
52
33
5
79
93
52
33
5
79
93
52
33
5
79
93
52
33
5
79
93
52
33
5
79
93
52
33
5
79
93
52
33
5
79
93
52
33
5
79
93
52
33
5
