266
441
476
417
94
413
383
429
440
60
266
441
476
417
94
413
383
429
440
60
266
441
476
417
94
413
383
429
440
60
266
441
476
417
94
413
383
429
440
60
266
441
476
417
94
413
383
429
440
60
266
441
476
417
94
413
383
429
440
60
266
441
476
417
94
413
383
429
440
60
266
441
476
417
94
413
383
429
440
60
266
441
476
417
94
413
383
429
440
60
266
441
476
417
94
413
383
429
440
60
266
441
476
417
94
413
383
429
440
60
266
441
476
417
94
413
383
429
440
60
266
441
476
417
94
413
383
429
440
60
266
441
476
417
94
413
383
429
440
60
266
441
476
417
94
413
383
429
440
60
266
441
476
417
94
413
383
429
440
60
266
441
476
417
94
413
383
429
440
60
266
441
476
417
94
413
383
429
440
60
266
441
476
417
94
413
383
429
440
60
266
441
476
417
94
413
383
429
440
60
266
441
476
417
94
413
383
429
440
60
266
441
476
417
94
413
383
429
440
60
266
441
476
417
94
413
383
429
440
60
266
441
476
417
94
413
383
429
440
60
266
441
476
417
94
413
383
429
440
60
266
441
476
417
94
413
383
429
440
60
266
441
476
417
94
413
383
429
440
60
266
441
476
417
94
413
383
429
440
60
266
441
476
417
94
413
383
429
440
60
266
441
476
417
94
413
383
429
440
60
266
441
476
417
94
413
383
429
440
60
266
441
476
417
94
413
383
429
440
60
266
441
476
417
94
413
383
429
440
60
266
441
476
417
94
413
383
429
440
60
266
441
476
417
94
413
383
429
440
60
266
441
476
417
94
413
383
429
440
60
266
441
476
417
94
413
383
429
440
60
266
441
476
417
94
413
383
429
440
60
266
441
476
417
94
413
383
429
440
60
266
441
476
417
94
413
383
429
440
60
266
441
476
417
94
413
383
429
440
60
266
441
476
417
94
413
383
429
440
60
266
441
476
417
94
413
383
429
440
60
266
441
476
417
94
413
383
429
440
60
266
441
476
417
94
413
383
429
440
60
266
441
476
417
94
413
383
429
440
60
266
441
476
417
94
413
383
429
440
60
266
441
476
417
94
413
383
429
440
60
266
441
476
417
94
413
383
429
440
60
266
441
476
417
94
413
383
429
440
60
