324
272
658
65
503
500
560
130
182
343
324
272
658
65
503
500
560
130
182
343
324
272
658
65
503
500
560
130
182
343
324
272
658
65
503
500
560
130
182
343
324
272
658
65
503
500
560
130
182
343
324
272
658
65
503
500
560
130
182
343
324
272
658
65
503
500
560
130
182
343
324
272
658
65
503
500
560
130
182
343
324
272
658
65
503
500
560
130
182
343
324
272
658
65
503
500
560
130
182
343
324
272
658
65
503
500
560
130
182
343
324
272
658
65
503
500
560
130
182
343
324
272
658
65
503
500
560
130
182
343
324
272
658
65
503
500
560
130
182
343
324
272
658
65
503
500
560
130
182
343
324
272
658
65
503
500
560
130
182
343
324
272
658
65
503
500
560
130
182
343
324
272
658
65
503
500
560
130
182
343
324
272
658
65
503
500
560
130
182
343
324
272
658
65
503
500
560
130
182
343
324
272
658
65
503
500
560
130
182
343
324
272
658
65
503
500
560
130
182
343
324
272
658
65
503
500
560
130
182
343
324
272
658
65
503
500
560
130
182
343
324
272
658
65
503
500
560
130
182
343
324
272
658
65
503
500
560
130
182
343
324
272
658
65
503
500
560
130
182
343
324
272
658
65
503
500
560
130
182
343
324
272
658
65
503
500
560
130
182
343
324
272
658
65
503
500
560
130
182
343
324
272
658
65
503
500
560
130
182
343
324
272
658
65
503
500
560
130
182
343
324
272
658
65
503
500
560
130
182
343
324
272
658
65
503
500
560
130
182
343
324
272
658
65
503
500
560
130
182
343
324
272
658
65
503
500
560
130
182
343
324
272
658
65
503
500
560
130
182
343
324
272
658
65
503
500
560
130
182
343
324
272
658
65
503
500
560
130
182
343
324
272
658
65
503
500
560
130
182
343
324
272
658
65
503
500
560
130
182
343
324
272
658
65
503
500
560
130
182
343
324
272
658
65
503
500
560
130
182
343
324
272
658
65
503
500
560
130
182
343
324
272
658
65
503
500
560
130
182
343
324
272
658
65
503
500
560
130
182
343
324
272
658
65
503
500
560
130
182
343
324
272
658
65
503
500
560
130
182
343
324
272
658
65
503
500
560
130
182
343
324
272
658
65
503
500
560
130
182
343
