400
548
621
1178
397
654
699
793
1985
775
754
1998
493
968
66
1425
887
1648
1543
743
400
548
621
1178
397
654
699
793
1985
775
754
1998
493
968
66
1425
887
1648
1543
743
400
548
621
1178
397
654
699
793
1985
775
754
1998
493
968
66
1425
887
1648
1543
743
400
548
621
1178
397
654
699
793
1985
775
754
1998
493
968
66
1425
887
1648
1543
743
400
548
621
1178
397
654
699
793
1985
775
754
1998
493
968
66
1425
887
1648
1543
743
400
548
621
1178
397
654
699
793
1985
775
754
1998
493
968
66
1425
887
1648
1543
743
400
548
621
1178
397
654
699
793
1985
775
754
1998
493
968
66
1425
887
1648
1543
743
400
548
621
1178
397
654
699
793
1985
775
754
1998
493
968
66
1425
887
1648
1543
743
400
548
621
1178
397
654
699
793
1985
775
754
1998
493
968
66
1425
887
1648
1543
743
400
548
621
1178
397
654
699
793
1985
775
754
1998
493
968
66
1425
887
1648
1543
743
400
548
621
1178
397
654
699
793
1985
775
754
1998
493
968
66
1425
887
1648
1543
743
400
548
621
1178
397
654
699
793
1985
775
754
1998
493
968
66
1425
887
1648
1543
743
400
548
621
1178
397
654
699
793
1985
775
754
1998
493
968
66
1425
887
1648
1543
743
400
548
621
1178
397
654
699
793
1985
775
754
1998
493
968
66
1425
887
1648
1543
743
400
548
621
1178
397
654
699
793
1985
775
754
1998
493
968
66
1425
887
1648
1543
743
400
548
621
1178
397
654
699
793
1985
775
754
1998
493
968
66
1425
887
1648
1543
743
400
548
621
1178
397
654
699
793
1985
775
754
1998
493
968
66
1425
887
1648
1543
743
400
548
621
1178
397
654
699
793
1985
775
754
1998
493
968
66
1425
887
1648
1543
743
400
548
621
1178
397
654
699
793
1985
775
754
1998
493
968
66
1425
887
1648
1543
743
400
548
621
1178
397
654
699
793
1985
775
754
1998
493
968
66
1425
887
1648
1543
743
400
548
621
1178
397
654
699
793
1985
775
754
1998
493
968
66
1425
887
1648
1543
743
400
548
621
1178
397
654
699
793
1985
775
754
1998
493
968
66
1425
887
1648
1543
743
400
548
621
1178
397
654
699
793
1985
775
754
1998
493
968
66
1425
887
1648
1543
743
400
548
621
1178
397
654
699
793
1985
775
754
1998
493
968
66
1425
887
1648
1543
743
400
548
621
1178
397
654
699
793
1985
775
754
1998
493
968
66
1425
887
1648
1543
743
400
548
621
1178
397
654
699
793
1985
775
754
1998
493
968
66
1425
887
1648
1543
743
400
548
621
1178
397
654
699
793
1985
775
754
1998
493
968
66
1425
887
1648
1543
743
400
548
621
1178
397
654
699
793
1985
775
754
1998
493
968
66
1425
887
1648
1543
743
400
548
621
1178
397
654
699
793
1985
775
754
1998
493
968
66
1425
887
1648
1543
743
400
548
621
1178
397
654
699
793
1985
775
754
1998
493
968
66
1425
887
1648
1543
743
400
548
621
1178
397
654
699
793
1985
775
754
1998
493
968
66
1425
887
1648
1543
743
400
548
621
1178
397
654
699
793
1985
775
754
1998
493
968
66
1425
887
1648
1543
743
400
548
621
1178
397
654
699
793
1985
775
754
1998
493
968
66
1425
887
1648
1543
743
400
548
621
1178
397
654
699
793
1985
775
754
1998
493
968
66
1425
887
1648
1543
743
400
548
621
1178
397
654
699
793
1985
775
754
1998
493
968
66
1425
887
1648
1543
743
400
548
621
1178
397
654
699
793
1985
775
754
1998
493
968
66
1425
887
1648
1543
743
400
548
621
1178
397
654
699
793
1985
775
754
1998
493
968
66
1425
887
1648
1543
743
400
548
621
1178
397
654
699
793
1985
775
754
1998
493
968
66
1425
887
1648
1543
743
400
548
621
1178
397
654
699
793
1985
775
754
1998
493
968
66
1425
887
1648
1543
743
400
548
621
1178
397
654
699
793
1985
775
754
1998
493
968
66
1425
887
1648
1543
743
400
548
621
1178
397
654
699
793
1985
775
754
1998
493
968
66
1425
887
1648
1543
743
400
548
621
1178
397
654
699
793
1985
775
754
1998
493
968
66
1425
887
1648
1543
743
400
548
621
1178
397
654
699
793
1985
775
754
1998
493
968
66
1425
887
1648
1543
743
400
548
621
1178
397
654
699
793
1985
775
754
1998
493
968
66
1425
887
1648
1543
743
400
548
621
1178
397
654
699
793
1985
775
754
1998
493
968
66
1425
887
1648
1543
743
400
548
621
1178
397
654
699
793
1985
775
754
1998
493
968
66
1425
887
1648
1543
743
400
548
621
1178
397
654
699
793
1985
775
754
1998
493
968
66
1425
887
1648
1543
743
400
548
621
1178
397
654
699
793
1985
775
754
1998
493
968
66
1425
887
1648
1543
743
400
548
621
1178
397
654
699
793
1985
775
754
1998
493
968
66
1425
887
1648
1543
743
400
548
621
1178
397
654
699
793
1985
775
754
1998
493
968
66
1425
887
1648
1543
743
