8028
1600
7091
7422
2557
4365
1821
8940
1423
1876
8876
2826
7057
6030
2379
5366
600
7045
3821
2896
671
8456
549
1458
5749
8704
7732
286
1796
7083
9603
8281
2609
9853
3717
8028
1600
7091
7422
2557
4365
1821
8940
1423
1876
8876
2826
7057
6030
2379
5366
600
7045
3821
2896
671
8456
549
1458
5749
8704
7732
286
1796
7083
9603
8281
2609
9853
3717
8028
1600
7091
7422
2557
4365
1821
8940
1423
1876
8876
2826
7057
6030
2379
5366
600
7045
3821
2896
671
8456
549
1458
5749
8704
7732
286
1796
7083
9603
8281
2609
9853
3717
8028
1600
7091
7422
2557
4365
1821
8940
1423
1876
8876
2826
7057
6030
2379
5366
600
7045
3821
2896
671
8456
549
1458
5749
8704
7732
286
1796
7083
9603
8281
2609
9853
3717
8028
1600
7091
7422
2557
4365
1821
8940
1423
1876
8876
2826
7057
6030
2379
5366
600
7045
3821
2896
671
8456
549
1458
5749
8704
7732
286
1796
7083
9603
8281
2609
9853
3717
8028
1600
7091
7422
2557
4365
1821
8940
1423
1876
8876
2826
7057
6030
2379
5366
600
7045
3821
2896
671
8456
549
1458
5749
8704
7732
286
1796
7083
9603
8281
2609
9853
3717
8028
1600
7091
7422
2557
4365
1821
8940
1423
1876
8876
2826
7057
6030
2379
5366
600
7045
3821
2896
671
8456
549
1458
5749
8704
7732
286
1796
7083
9603
8281
2609
9853
3717
8028
1600
7091
7422
2557
4365
1821
8940
1423
1876
8876
2826
7057
6030
2379
5366
600
7045
3821
2896
671
8456
549
1458
5749
8704
7732
286
1796
7083
9603
8281
2609
9853
3717
8028
1600
7091
7422
2557
4365
1821
8940
1423
1876
8876
2826
7057
6030
2379
5366
600
7045
3821
2896
671
8456
549
1458
5749
8704
7732
286
1796
7083
9603
8281
2609
9853
3717
8028
1600
7091
7422
2557
4365
1821
8940
1423
1876
8876
2826
7057
6030
2379
5366
600
7045
3821
2896
671
8456
549
1458
5749
8704
7732
286
1796
7083
9603
8281
2609
9853
3717
8028
1600
7091
7422
2557
4365
1821
8940
1423
1876
8876
2826
7057
6030
2379
5366
600
7045
3821
2896
671
8456
549
1458
5749
8704
7732
286
1796
7083
9603
8281
2609
9853
3717
8028
1600
7091
7422
2557
4365
1821
8940
1423
1876
8876
2826
7057
6030
2379
5366
600
7045
3821
2896
671
8456
549
1458
5749
8704
7732
286
1796
7083
9603
8281
2609
9853
3717
8028
1600
7091
7422
2557
4365
1821
8940
1423
1876
8876
2826
7057
6030
2379
5366
600
7045
3821
2896
671
8456
549
1458
5749
8704
7732
286
1796
7083
9603
8281
2609
9853
3717
8028
1600
7091
7422
2557
4365
1821
8940
1423
1876
8876
2826
7057
6030
2379
5366
600
7045
3821
2896
671
8456
549
1458
5749
8704
7732
286
1796
7083
9603
8281
2609
9853
3717
8028
1600
7091
7422
2557
4365
1821
8940
1423
1876
8876
2826
7057
6030
2379
5366
600
7045
3821
2896
671
8456
549
1458
5749
8704
7732
286
1796
7083
9603
8281
2609
9853
3717
8028
1600
7091
7422
2557
4365
1821
8940
1423
1876
8876
2826
7057
6030
2379
5366
600
7045
3821
2896
671
8456
549
1458
5749
8704
7732
286
1796
7083
9603
8281
2609
9853
3717
8028
1600
7091
7422
2557
4365
1821
8940
1423
1876
8876
2826
7057
6030
2379
5366
600
7045
3821
2896
671
8456
549
1458
5749
8704
7732
286
1796
7083
9603
8281
2609
9853
3717
8028
1600
7091
7422
2557
4365
1821
8940
1423
1876
8876
2826
7057
6030
2379
5366
600
7045
3821
2896
671
8456
549
1458
5749
8704
7732
286
1796
7083
9603
8281
2609
9853
3717
8028
1600
7091
7422
2557
4365
1821
8940
1423
1876
8876
2826
7057
6030
2379
5366
600
7045
3821
2896
671
8456
549
1458
5749
8704
7732
286
1796
7083
9603
8281
2609
9853
3717
8028
1600
7091
7422
2557
4365
1821
8940
1423
1876
8876
2826
7057
6030
2379
5366
600
7045
3821
2896
671
8456
549
1458
5749
8704
7732
286
1796
7083
9603
8281
2609
9853
3717
8028
1600
7091
7422
2557
4365
1821
8940
1423
1876
8876
2826
7057
6030
2379
5366
600
7045
3821
2896
671
8456
549
1458
5749
8704
7732
286
1796
7083
9603
8281
2609
9853
3717
8028
1600
7091
7422
2557
4365
1821
8940
1423
1876
8876
2826
7057
6030
2379
5366
600
7045
3821
2896
671
8456
549
1458
5749
8704
7732
286
1796
7083
9603
8281
2609
9853
3717
8028
1600
7091
7422
2557
4365
1821
8940
1423
1876
8876
2826
7057
6030
2379
5366
600
7045
3821
2896
671
8456
549
1458
5749
8704
7732
286
1796
7083
9603
8281
2609
9853
3717
8028
1600
7091
7422
2557
4365
1821
8940
1423
1876
8876
2826
7057
6030
2379
5366
600
7045
3821
2896
671
8456
549
1458
5749
8704
7732
286
1796
7083
9603
8281
2609
9853
3717
8028
1600
7091
7422
2557
4365
1821
8940
1423
1876
8876
2826
7057
6030
2379
5366
600
7045
3821
2896
671
8456
549
1458
5749
8704
7732
286
1796
7083
9603
8281
2609
9853
3717
8028
1600
7091
7422
2557
4365
1821
8940
1423
1876
8876
2826
7057
6030
2379
5366
600
7045
3821
2896
671
8456
549
1458
5749
8704
7732
286
1796
7083
9603
8281
2609
9853
3717
8028
1600
7091
7422
2557
4365
1821
8940
1423
1876
8876
2826
7057
6030
2379
5366
600
7045
3821
2896
671
8456
549
1458
5749
8704
7732
286
1796
7083
9603
8281
2609
9853
3717
8028
1600
7091
7422
2557
4365
1821
8940
1423
1876
8876
2826
7057
6030
2379
5366
600
7045
3821
2896
671
8456
549
1458
5749
8704
7732
286
1796
7083
9603
8281
2609
9853
3717
8028
1600
7091
7422
2557
4365
1821
8940
1423
1876
8876
2826
7057
6030
2379
5366
600
7045
3821
2896
671
8456
549
1458
5749
8704
7732
286
1796
7083
9603
8281
2609
9853
3717
8028
1600
7091
7422
2557
4365
1821
8940
1423
1876
8876
2826
7057
6030
2379
5366
600
7045
3821
2896
671
8456
549
1458
5749
8704
7732
286
1796
7083
9603
8281
2609
9853
3717
8028
1600
7091
7422
2557
4365
1821
8940
1423
1876
8876
2826
7057
6030
2379
5366
600
7045
3821
2896
671
8456
549
1458
5749
8704
7732
286
1796
7083
9603
8281
2609
9853
3717
8028
1600
7091
7422
2557
4365
1821
8940
1423
1876
8876
2826
7057
6030
2379
5366
600
7045
3821
2896
671
8456
549
1458
5749
8704
7732
286
1796
7083
9603
8281
2609
9853
3717
8028
1600
7091
7422
2557
4365
1821
8940
1423
1876
8876
2826
7057
6030
2379
5366
600
7045
3821
2896
671
8456
549
1458
5749
8704
7732
286
1796
7083
9603
8281
2609
9853
3717
8028
1600
7091
7422
2557
4365
1821
8940
1423
1876
8876
2826
7057
6030
2379
5366
600
7045
3821
2896
671
8456
549
1458
5749
8704
7732
286
1796
7083
9603
8281
2609
9853
3717
8028
1600
7091
7422
2557
4365
1821
8940
1423
1876
8876
2826
7057
6030
2379
5366
600
7045
3821
2896
671
8456
549
1458
5749
8704
7732
286
1796
7083
9603
8281
2609
9853
3717
8028
1600
7091
7422
2557
4365
1821
8940
1423
1876
8876
2826
7057
6030
2379
5366
600
7045
3821
2896
671
8456
549
1458
5749
8704
7732
286
1796
7083
9603
8281
2609
9853
3717
8028
1600
7091
7422
2557
4365
1821
8940
1423
1876
8876
2826
7057
6030
2379
5366
600
7045
3821
2896
671
8456
549
1458
5749
8704
7732
286
1796
7083
9603
8281
2609
9853
3717
8028
1600
7091
7422
2557
4365
1821
8940
1423
1876
8876
2826
7057
6030
2379
5366
600
7045
3821
2896
671
8456
549
1458
5749
8704
7732
286
1796
7083
9603
8281
2609
9853
3717
8028
1600
7091
7422
2557
4365
1821
8940
1423
1876
8876
2826
7057
6030
2379
5366
600
7045
3821
2896
671
8456
549
1458
5749
8704
7732
286
1796
7083
9603
8281
2609
9853
3717
8028
1600
7091
7422
2557
4365
1821
8940
1423
1876
8876
2826
7057
6030
2379
5366
600
7045
3821
2896
671
8456
549
1458
5749
8704
7732
286
1796
7083
9603
8281
2609
9853
3717
8028
1600
7091
7422
2557
4365
1821
8940
1423
1876
8876
2826
7057
6030
2379
5366
600
7045
3821
2896
671
8456
549
1458
5749
8704
7732
286
1796
7083
9603
8281
2609
9853
3717
8028
1600
7091
7422
2557
4365
1821
8940
1423
1876
8876
2826
7057
6030
2379
5366
600
7045
3821
2896
671
8456
549
1458
5749
8704
7732
286
1796
7083
9603
8281
2609
9853
3717
8028
1600
7091
7422
2557
4365
1821
8940
1423
1876
8876
2826
7057
6030
2379
5366
600
7045
3821
2896
671
8456
549
1458
5749
8704
7732
286
1796
7083
9603
8281
2609
9853
3717
8028
1600
7091
7422
2557
4365
1821
8940
1423
1876
8876
2826
7057
6030
2379
5366
600
7045
3821
2896
671
8456
549
1458
5749
8704
7732
286
1796
7083
9603
8281
2609
9853
3717
8028
1600
7091
7422
2557
4365
1821
8940
1423
1876
8876
2826
7057
6030
2379
5366
600
7045
3821
2896
671
8456
549
1458
5749
8704
7732
286
1796
7083
9603
8281
2609
9853
3717
8028
1600
7091
7422
2557
4365
1821
8940
1423
1876
8876
2826
7057
6030
2379
5366
600
7045
3821
2896
671
8456
549
1458
5749
8704
7732
286
1796
7083
9603
8281
2609
9853
3717
8028
1600
7091
7422
2557
4365
1821
8940
1423
1876
8876
2826
7057
6030
2379
5366
600
7045
3821
2896
671
8456
549
1458
5749
8704
7732
286
1796
7083
9603
8281
2609
9853
3717
8028
1600
7091
7422
2557
4365
1821
8940
1423
1876
8876
2826
7057
6030
2379
5366
600
7045
3821
2896
671
8456
549
1458
5749
8704
7732
286
1796
7083
9603
8281
2609
9853
3717
8028
1600
7091
7422
2557
4365
1821
8940
1423
1876
8876
2826
7057
6030
2379
5366
600
7045
3821
2896
671
8456
549
1458
5749
8704
7732
286
1796
7083
9603
8281
2609
9853
3717
8028
1600
7091
7422
2557
4365
1821
8940
1423
1876
8876
2826
7057
6030
2379
5366
600
7045
3821
2896
671
8456
549
1458
5749
8704
7732
286
1796
7083
9603
8281
2609
9853
3717
