15
11
9
23
35
15
11
9
23
35
15
11
9
23
35
15
11
9
23
35
15
11
9
23
35
15
11
9
23
35
15
11
9
23
35
15
11
9
23
35
15
11
9
23
35
15
11
9
23
35
15
11
9
23
35
15
11
9
23
35
15
11
9
23
35
15
11
9
23
35
15
11
9
23
35
15
11
9
23
35
15
11
9
23
35
15
11
9
23
35
15
11
9
23
35
15
11
9
23
35
15
11
9
23
35
15
11
9
23
35
15
11
9
23
35
15
11
9
23
35
15
11
9
23
35
15
9
11
6
14
15
9
11
6
14
15
9
11
6
14
15
9
11
6
14
15
9
11
6
14
15
9
11
6
14
15
9
11
6
14
15
9
11
6
14
15
9
11
6
14
15
9
11
6
14
15
9
11
6
14
15
9
11
6
14
15
9
11
6
14
15
9
11
6
14
15
9
11
6
14
15
9
11
6
14
15
9
11
6
14
15
9
11
6
14
15
9
11
6
14
15
9
11
6
14
15
9
11
6
14
15
9
11
6
14
15
9
11
6
14
15
9
11
6
14
15
9
11
6
14
