389
57
21
122
129
390
77
34
232
2
389
57
21
122
129
390
77
34
232
2
389
57
21
122
129
390
77
34
232
2
389
57
21
122
129
390
77
34
232
2
389
57
21
122
129
390
77
34
232
2
389
57
21
122
129
390
77
34
232
2
389
57
21
122
129
390
77
34
232
2
389
57
21
122
129
390
77
34
232
2
389
57
21
122
129
390
77
34
232
2
389
57
21
122
129
390
77
34
232
2
389
57
21
122
129
390
77
34
232
2
389
57
21
122
129
390
77
34
232
2
389
57
21
122
129
390
77
34
232
2
389
57
21
122
129
390
77
34
232
2
389
57
21
122
129
390
77
34
232
2
389
57
21
122
129
390
77
34
232
2
389
57
21
122
129
390
77
34
232
2
389
57
21
122
129
390
77
34
232
2
389
57
21
122
129
390
77
34
232
2
389
57
21
122
129
390
77
34
232
2
389
57
21
122
129
390
77
34
232
2
389
57
21
122
129
390
77
34
232
2
389
57
21
122
129
390
77
34
232
2
389
57
21
122
129
390
77
34
232
2
389
57
21
122
129
390
77
34
232
2
389
57
21
122
129
390
77
34
232
2
389
57
21
122
129
390
77
34
232
2
389
57
21
122
129
390
77
34
232
2
389
57
21
122
129
390
77
34
232
2
389
57
21
122
129
390
77
34
232
2
389
57
21
122
129
390
77
34
232
2
389
57
21
122
129
390
77
34
232
2
389
57
21
122
129
390
77
34
232
2
389
57
21
122
129
390
77
34
232
2
389
57
21
122
129
390
77
34
232
2
389
57
21
122
129
390
77
34
232
2
389
57
21
122
129
390
77
34
232
2
389
57
21
122
129
390
77
34
232
2
389
57
21
122
129
390
77
34
232
2
389
57
21
122
129
390
77
34
232
2
389
57
21
122
129
390
77
34
232
2
389
57
21
122
129
390
77
34
232
2
389
57
21
122
129
390
77
34
232
2
389
57
21
122
129
390
77
34
232
2
389
57
21
122
129
390
77
34
232
2
389
57
21
122
129
390
77
34
232
2
389
57
21
122
129
390
77
34
232
2
389
57
21
122
129
390
77
34
232
2
389
57
21
122
129
390
77
34
232
2
389
57
21
122
129
390
77
34
232
2
