54
56
60
134
68
152
212
164
55
184
54
56
60
134
68
152
212
164
55
184
54
56
60
134
68
152
212
164
55
184
54
56
60
134
68
152
212
164
55
184
54
56
60
134
68
152
212
164
55
184
54
56
60
134
68
152
212
164
55
184
54
56
60
134
68
152
212
164
55
184
54
56
60
134
68
152
212
164
55
184
54
56
60
134
68
152
212
164
55
184
54
56
60
134
68
152
212
164
55
184
54
56
60
134
68
152
212
164
55
184
54
56
60
134
68
152
212
164
55
184
54
56
60
134
68
152
212
164
55
184
54
56
60
134
68
152
212
164
55
184
54
56
60
134
68
152
212
164
55
184
54
56
60
134
68
152
212
164
55
184
54
56
60
134
68
152
212
164
55
184
54
56
60
134
68
152
212
164
55
184
54
56
60
134
68
152
212
164
55
184
54
56
60
134
68
152
212
164
55
184
54
56
60
134
68
152
212
164
55
184
54
56
60
134
68
152
212
164
55
184
54
56
60
134
68
152
212
164
55
184
54
56
60
134
68
152
212
164
55
184
54
56
60
134
68
152
212
164
55
184
54
56
60
134
68
152
212
164
55
184
54
56
60
134
68
152
212
164
55
184
54
56
60
134
68
152
212
164
55
184
54
56
60
134
68
152
212
164
55
184
54
56
60
134
68
152
212
164
55
184
54
56
60
134
68
152
212
164
55
184
54
56
60
134
68
152
212
164
55
184
54
56
60
134
68
152
212
164
55
184
54
56
60
134
68
152
212
164
55
184
54
56
60
134
68
152
212
164
55
184
54
56
60
134
68
152
212
164
55
184
54
56
60
134
68
152
212
164
55
184
54
56
60
134
68
152
212
164
55
184
54
56
60
134
68
152
212
164
55
184
54
56
60
134
68
152
212
164
55
184
54
56
60
134
68
152
212
164
55
184
54
56
60
134
68
152
212
164
55
184
54
56
60
134
68
152
212
164
55
184
54
56
60
134
68
152
212
164
55
184
54
56
60
134
68
152
212
164
55
184
54
56
60
134
68
152
212
164
55
184
54
56
60
134
68
152
212
164
55
184
54
56
60
134
68
152
212
164
55
184
54
56
60
134
68
152
212
164
55
184
54
56
60
134
68
152
212
164
55
184
