1
61
135
153
244
7
88
4
99
62
1
61
135
153
244
7
88
4
99
62
1
61
135
153
244
7
88
4
99
62
1
61
135
153
244
7
88
4
99
62
1
61
135
153
244
7
88
4
99
62
1
61
135
153
244
7
88
4
99
62
1
61
135
153
244
7
88
4
99
62
1
61
135
153
244
7
88
4
99
62
1
61
135
153
244
7
88
4
99
62
1
61
135
153
244
7
88
4
99
62
1
61
135
153
244
7
88
4
99
62
1
61
135
153
244
7
88
4
99
62
1
61
135
153
244
7
88
4
99
62
1
61
135
153
244
7
88
4
99
62
1
61
135
153
244
7
88
4
99
62
1
61
135
153
244
7
88
4
99
62
1
61
135
153
244
7
88
4
99
62
1
61
135
153
244
7
88
4
99
62
1
61
135
153
244
7
88
4
99
62
1
61
135
153
244
7
88
4
99
62
1
61
135
153
244
7
88
4
99
62
1
61
135
153
244
7
88
4
99
62
1
61
135
153
244
7
88
4
99
62
1
61
135
153
244
7
88
4
99
62
1
61
135
153
244
7
88
4
99
62
1
61
135
153
244
7
88
4
99
62
1
61
135
153
244
7
88
4
99
62
1
61
135
153
244
7
88
4
99
62
1
61
135
153
244
7
88
4
99
62
1
61
135
153
244
7
88
4
99
62
1
61
135
153
244
7
88
4
99
62
1
61
135
153
244
7
88
4
99
62
1
61
135
153
244
7
88
4
99
62
1
61
135
153
244
7
88
4
99
62
1
61
135
153
244
7
88
4
99
62
1
61
135
153
244
7
88
4
99
62
1
61
135
153
244
7
88
4
99
62
1
61
135
153
244
7
88
4
99
62
1
61
135
153
244
7
88
4
99
62
1
61
135
153
244
7
88
4
99
62
1
61
135
153
244
7
88
4
99
62
1
61
135
153
244
7
88
4
99
62
1
61
135
153
244
7
88
4
99
62
1
61
135
153
244
7
88
4
99
62
1
61
135
153
244
7
88
4
99
62
1
61
135
153
244
7
88
4
99
62
1
61
135
153
244
7
88
4
99
62
1
61
135
153
244
7
88
4
99
62
1
61
135
153
244
7
88
4
99
62
1
61
135
153
244
7
88
4
99
62
