5
7
105
91
666
671
12
113
239
125
171
243
23
241
27
111
827
215
6
21
5
7
105
91
666
671
12
113
239
125
171
243
23
241
27
111
827
215
6
21
5
7
105
91
666
671
12
113
239
125
171
243
23
241
27
111
827
215
6
21
5
7
105
91
666
671
12
113
239
125
171
243
23
241
27
111
827
215
6
21
5
7
105
91
666
671
12
113
239
125
171
243
23
241
27
111
827
215
6
21
5
7
105
91
666
671
12
113
239
125
171
243
23
241
27
111
827
215
6
21
5
7
105
91
666
671
12
113
239
125
171
243
23
241
27
111
827
215
6
21
5
7
105
91
666
671
12
113
239
125
171
243
23
241
27
111
827
215
6
21
5
7
105
91
666
671
12
113
239
125
171
243
23
241
27
111
827
215
6
21
5
7
105
91
666
671
12
113
239
125
171
243
23
241
27
111
827
215
6
21
5
7
105
91
666
671
12
113
239
125
171
243
23
241
27
111
827
215
6
21
5
7
105
91
666
671
12
113
239
125
171
243
23
241
27
111
827
215
6
21
5
7
105
91
666
671
12
113
239
125
171
243
23
241
27
111
827
215
6
21
5
7
105
91
666
671
12
113
239
125
171
243
23
241
27
111
827
215
6
21
5
7
105
91
666
671
12
113
239
125
171
243
23
241
27
111
827
215
6
21
5
7
105
91
666
671
12
113
239
125
171
243
23
241
27
111
827
215
6
21
5
7
105
91
666
671
12
113
239
125
171
243
23
241
27
111
827
215
6
21
5
7
105
91
666
671
12
113
239
125
171
243
23
241
27
111
827
215
6
21
5
7
105
91
666
671
12
113
239
125
171
243
23
241
27
111
827
215
6
21
5
7
105
91
666
671
12
113
239
125
171
243
23
241
27
111
827
215
6
21
5
7
105
91
666
671
12
113
239
125
171
243
23
241
27
111
827
215
6
21
5
7
105
91
666
671
12
113
239
125
171
243
23
241
27
111
827
215
6
21
5
7
105
91
666
671
12
113
239
125
171
243
23
241
27
111
827
215
6
21
5
7
105
91
666
671
12
113
239
125
171
243
23
241
27
111
827
215
6
21
5
7
105
91
666
671
12
113
239
125
171
243
23
241
27
111
827
215
6
21
5
7
105
91
666
671
12
113
239
125
171
243
23
241
27
111
827
215
6
21
5
7
105
91
666
671
12
113
239
125
171
243
23
241
27
111
827
215
6
21
5
7
105
91
666
671
12
113
239
125
171
243
23
241
27
111
827
215
6
21
5
7
105
91
666
671
12
113
239
125
171
243
23
241
27
111
827
215
6
21
5
7
105
91
666
671
12
113
239
125
171
243
23
241
27
111
827
215
6
21
5
7
105
91
666
671
12
113
239
125
171
243
23
241
27
111
827
215
6
21
5
7
105
91
666
671
12
113
239
125
171
243
23
241
27
111
827
215
6
21
5
7
105
91
666
671
12
113
239
125
171
243
23
241
27
111
827
215
6
21
5
7
105
91
666
671
12
113
239
125
171
243
23
241
27
111
827
215
6
21
5
7
105
91
666
671
12
113
239
125
171
243
23
241
27
111
827
215
6
21
5
7
105
91
666
671
12
113
239
125
171
243
23
241
27
111
827
215
6
21
5
7
105
91
666
671
12
113
239
125
171
243
23
241
27
111
827
215
6
21
5
7
105
91
666
671
12
113
239
125
171
243
23
241
27
111
827
215
6
21
5
7
105
91
666
671
12
113
239
125
171
243
23
241
27
111
827
215
6
21
5
7
105
91
666
671
12
113
239
125
171
243
23
241
27
111
827
215
6
21
5
7
105
91
666
671
12
113
239
125
171
243
23
241
27
111
827
215
6
21
5
7
105
91
666
671
12
113
239
125
171
243
23
241
27
111
827
215
6
21
5
7
105
91
666
671
12
113
239
125
171
243
23
241
27
111
827
215
6
21
5
7
105
91
666
671
12
113
239
125
171
243
23
241
27
111
827
215
6
21
5
7
105
91
666
671
12
113
239
125
171
243
23
241
27
111
827
215
6
21
5
7
105
91
666
671
12
113
239
125
171
243
23
241
27
111
827
215
6
21
5
7
105
91
666
671
12
113
239
125
171
243
23
241
27
111
827
215
6
21
5
7
105
91
666
671
12
113
239
125
171
243
23
241
27
111
827
215
6
21
5
7
105
91
666
671
12
113
239
125
171
243
23
241
27
111
827
215
6
21
5
7
105
91
666
671
12
113
239
125
171
243
23
241
27
111
827
215
6
21
