546
533
540
352
545
861
70
585
365
107
326
625
777
399
532
127
65
529
763
615
546
533
540
352
545
861
70
585
365
107
326
625
777
399
532
127
65
529
763
615
546
533
540
352
545
861
70
585
365
107
326
625
777
399
532
127
65
529
763
615
546
533
540
352
545
861
70
585
365
107
326
625
777
399
532
127
65
529
763
615
546
533
540
352
545
861
70
585
365
107
326
625
777
399
532
127
65
529
763
615
546
533
540
352
545
861
70
585
365
107
326
625
777
399
532
127
65
529
763
615
546
533
540
352
545
861
70
585
365
107
326
625
777
399
532
127
65
529
763
615
546
533
540
352
545
861
70
585
365
107
326
625
777
399
532
127
65
529
763
615
546
533
540
352
545
861
70
585
365
107
326
625
777
399
532
127
65
529
763
615
546
533
540
352
545
861
70
585
365
107
326
625
777
399
532
127
65
529
763
615
546
533
540
352
545
861
70
585
365
107
326
625
777
399
532
127
65
529
763
615
546
533
540
352
545
861
70
585
365
107
326
625
777
399
532
127
65
529
763
615
546
533
540
352
545
861
70
585
365
107
326
625
777
399
532
127
65
529
763
615
546
533
540
352
545
861
70
585
365
107
326
625
777
399
532
127
65
529
763
615
546
533
540
352
545
861
70
585
365
107
326
625
777
399
532
127
65
529
763
615
546
533
540
352
545
861
70
585
365
107
326
625
777
399
532
127
65
529
763
615
546
533
540
352
545
861
70
585
365
107
326
625
777
399
532
127
65
529
763
615
546
533
540
352
545
861
70
585
365
107
326
625
777
399
532
127
65
529
763
615
546
533
540
352
545
861
70
585
365
107
326
625
777
399
532
127
65
529
763
615
546
533
540
352
545
861
70
585
365
107
326
625
777
399
532
127
65
529
763
615
546
533
540
352
545
861
70
585
365
107
326
625
777
399
532
127
65
529
763
615
546
533
540
352
545
861
70
585
365
107
326
625
777
399
532
127
65
529
763
615
546
533
540
352
545
861
70
585
365
107
326
625
777
399
532
127
65
529
763
615
546
533
540
352
545
861
70
585
365
107
326
625
777
399
532
127
65
529
763
615
546
533
540
352
545
861
70
585
365
107
326
625
777
399
532
127
65
529
763
615
546
533
540
352
545
861
70
585
365
107
326
625
777
399
532
127
65
529
763
615
546
533
540
352
545
861
70
585
365
107
326
625
777
399
532
127
65
529
763
615
546
533
540
352
545
861
70
585
365
107
326
625
777
399
532
127
65
529
763
615
546
533
540
352
545
861
70
585
365
107
326
625
777
399
532
127
65
529
763
615
546
533
540
352
545
861
70
585
365
107
326
625
777
399
532
127
65
529
763
615
546
533
540
352
545
861
70
585
365
107
326
625
777
399
532
127
65
529
763
615
546
533
540
352
545
861
70
585
365
107
326
625
777
399
532
127
65
529
763
615
546
533
540
352
545
861
70
585
365
107
326
625
777
399
532
127
65
529
763
615
546
533
540
352
545
861
70
585
365
107
326
625
777
399
532
127
65
529
763
615
546
533
540
352
545
861
70
585
365
107
326
625
777
399
532
127
65
529
763
615
546
533
540
352
545
861
70
585
365
107
326
625
777
399
532
127
65
529
763
615
546
533
540
352
545
861
70
585
365
107
326
625
777
399
532
127
65
529
763
615
546
533
540
352
545
861
70
585
365
107
326
625
777
399
532
127
65
529
763
615
546
533
540
352
545
861
70
585
365
107
326
625
777
399
532
127
65
529
763
615
546
533
540
352
545
861
70
585
365
107
326
625
777
399
532
127
65
529
763
615
546
533
540
352
545
861
70
585
365
107
326
625
777
399
532
127
65
529
763
615
546
533
540
352
545
861
70
585
365
107
326
625
777
399
532
127
65
529
763
615
546
533
540
352
545
861
70
585
365
107
326
625
777
399
532
127
65
529
763
615
546
533
540
352
545
861
70
585
365
107
326
625
777
399
532
127
65
529
763
615
546
533
540
352
545
861
70
585
365
107
326
625
777
399
532
127
65
529
763
615
546
533
540
352
545
861
70
585
365
107
326
625
777
399
532
127
65
529
763
615
546
533
540
352
545
861
70
585
365
107
326
625
777
399
532
127
65
529
763
615
546
533
540
352
545
861
70
585
365
107
326
625
777
399
532
127
65
529
763
615
546
533
540
352
545
861
70
585
365
107
326
625
777
399
532
127
65
529
763
615
546
533
540
352
545
861
70
585
365
107
326
625
777
399
532
127
65
529
763
615
