108
75
11
111
17
57
115
18
56
2
108
75
11
111
17
57
115
18
56
2
108
75
11
111
17
57
115
18
56
2
108
75
11
111
17
57
115
18
56
2
108
75
11
111
17
57
115
18
56
2
108
75
11
111
17
57
115
18
56
2
108
75
11
111
17
57
115
18
56
2
108
75
11
111
17
57
115
18
56
2
108
75
11
111
17
57
115
18
56
2
108
75
11
111
17
57
115
18
56
2
108
75
11
111
17
57
115
18
56
2
108
75
11
111
17
57
115
18
56
2
108
75
11
111
17
57
115
18
56
2
108
75
11
111
17
57
115
18
56
2
108
75
11
111
17
57
115
18
56
2
108
75
11
111
17
57
115
18
56
2
108
75
11
111
17
57
115
18
56
2
108
75
11
111
17
57
115
18
56
2
108
75
11
111
17
57
115
18
56
2
108
75
11
111
17
57
115
18
56
2
108
75
11
111
17
57
115
18
56
2
108
75
11
111
17
57
115
18
56
2
108
75
11
111
17
57
115
18
56
2
108
75
11
111
17
57
115
18
56
2
108
75
11
111
17
57
115
18
56
2
108
75
11
111
17
57
115
18
56
2
108
75
11
111
17
57
115
18
56
2
108
75
11
111
17
57
115
18
56
2
108
75
11
111
17
57
115
18
56
2
108
75
11
111
17
57
115
18
56
2
108
75
11
111
17
57
115
18
56
2
108
75
11
111
17
57
115
18
56
2
108
75
11
111
17
57
115
18
56
2
108
75
11
111
17
57
115
18
56
2
108
75
11
111
17
57
115
18
56
2
108
75
11
111
17
57
115
18
56
2
108
75
11
111
17
57
115
18
56
2
108
75
11
111
17
57
115
18
56
2
108
75
11
111
17
57
115
18
56
2
108
75
11
111
17
57
115
18
56
2
108
75
11
111
17
57
115
18
56
2
108
75
11
111
17
57
115
18
56
2
108
75
11
111
17
57
115
18
56
2
108
75
11
111
17
57
115
18
56
2
108
75
11
111
17
57
115
18
56
2
108
75
11
111
17
57
115
18
56
2
108
75
11
111
17
57
115
18
56
2
108
75
11
111
17
57
115
18
56
2
108
75
11
111
17
57
115
18
56
2
108
75
11
111
17
57
115
18
56
2
