106
60
122
30
44
7
53
92
62
128
106
60
122
30
44
7
53
92
62
128
106
60
122
30
44
7
53
92
62
128
106
60
122
30
44
7
53
92
62
128
106
60
122
30
44
7
53
92
62
128
106
60
122
30
44
7
53
92
62
128
106
60
122
30
44
7
53
92
62
128
106
60
122
30
44
7
53
92
62
128
106
60
122
30
44
7
53
92
62
128
106
60
122
30
44
7
53
92
62
128
106
60
122
30
44
7
53
92
62
128
106
60
122
30
44
7
53
92
62
128
106
60
122
30
44
7
53
92
62
128
106
60
122
30
44
7
53
92
62
128
106
60
122
30
44
7
53
92
62
128
106
60
122
30
44
7
53
92
62
128
106
60
122
30
44
7
53
92
62
128
106
60
122
30
44
7
53
92
62
128
106
60
122
30
44
7
53
92
62
128
106
60
122
30
44
7
53
92
62
128
106
60
122
30
44
7
53
92
62
128
106
60
122
30
44
7
53
92
62
128
106
60
122
30
44
7
53
92
62
128
106
60
122
30
44
7
53
92
62
128
106
60
122
30
44
7
53
92
62
128
106
60
122
30
44
7
53
92
62
128
106
60
122
30
44
7
53
92
62
128
106
60
122
30
44
7
53
92
62
128
106
60
122
30
44
7
53
92
62
128
106
60
122
30
44
7
53
92
62
128
106
60
122
30
44
7
53
92
62
128
106
60
122
30
44
7
53
92
62
128
106
60
122
30
44
7
53
92
62
128
106
60
122
30
44
7
53
92
62
128
106
60
122
30
44
7
53
92
62
128
106
60
122
30
44
7
53
92
62
128
106
60
122
30
44
7
53
92
62
128
106
60
122
30
44
7
53
92
62
128
106
60
122
30
44
7
53
92
62
128
106
60
122
30
44
7
53
92
62
128
106
60
122
30
44
7
53
92
62
128
106
60
122
30
44
7
53
92
62
128
106
60
122
30
44
7
53
92
62
128
106
60
122
30
44
7
53
92
62
128
106
60
122
30
44
7
53
92
62
128
106
60
122
30
44
7
53
92
62
128
106
60
122
30
44
7
53
92
62
128
106
60
122
30
44
7
53
92
62
128
106
60
122
30
44
7
53
92
62
128
106
60
122
30
44
7
53
92
62
128
