1
3
31
23
22
1
3
31
23
22
1
3
31
23
22
1
3
31
23
22
1
3
31
23
22
1
3
31
23
22
1
3
31
23
22
1
3
31
23
22
1
3
31
23
22
1
3
31
23
22
1
3
31
23
22
1
3
31
23
22
1
3
31
23
22
1
3
31
23
22
1
3
31
23
22
1
3
31
23
22
1
3
31
23
22
1
3
31
23
22
1
3
31
23
22
1
3
31
23
22
1
3
31
23
22
1
3
31
23
22
1
3
31
23
22
1
3
31
23
22
1
3
31
23
22
1
23
3
31
22
1
23
3
31
22
1
23
3
31
22
1
23
3
31
22
1
23
3
31
22
1
23
3
31
22
1
23
3
31
22
1
23
3
31
22
1
23
3
31
22
1
23
3
31
22
1
23
3
31
22
1
23
3
31
22
1
23
3
31
22
1
23
3
31
22
1
23
3
31
22
1
23
3
31
22
1
23
3
31
22
1
23
3
31
22
1
23
3
31
22
1
23
3
31
22
1
23
3
31
22
1
23
3
31
22
1
23
3
31
22
1
23
3
31
22
1
23
3
31
22
