17
58
8
77
50
85
88
18
52
1
17
58
8
77
50
85
88
18
52
1
17
58
8
77
50
85
88
18
52
1
17
58
8
77
50
85
88
18
52
1
17
58
8
77
50
85
88
18
52
1
17
58
8
77
50
85
88
18
52
1
17
58
8
77
50
85
88
18
52
1
17
58
8
77
50
85
88
18
52
1
17
58
8
77
50
85
88
18
52
1
17
58
8
77
50
85
88
18
52
1
17
58
8
77
50
85
88
18
52
1
17
58
8
77
50
85
88
18
52
1
17
58
8
77
50
85
88
18
52
1
17
58
8
77
50
85
88
18
52
1
17
58
8
77
50
85
88
18
52
1
17
58
8
77
50
85
88
18
52
1
17
58
8
77
50
85
88
18
52
1
17
58
8
77
50
85
88
18
52
1
17
58
8
77
50
85
88
18
52
1
17
58
8
77
50
85
88
18
52
1
17
58
8
77
50
85
88
18
52
1
17
58
8
77
50
85
88
18
52
1
17
58
8
77
50
85
88
18
52
1
17
58
8
77
50
85
88
18
52
1
17
58
8
77
50
85
88
18
52
1
17
58
8
77
50
85
88
18
52
1
17
58
8
77
50
85
88
18
52
1
17
58
8
77
50
85
88
18
52
1
17
58
8
77
50
85
88
18
52
1
17
58
8
77
50
85
88
18
52
1
17
58
8
77
50
85
88
18
52
1
17
58
8
77
50
85
88
18
52
1
17
58
8
77
50
85
88
18
52
1
17
58
8
77
50
85
88
18
52
1
17
58
8
77
50
85
88
18
52
1
17
58
8
77
50
85
88
18
52
1
17
58
8
77
50
85
88
18
52
1
17
58
8
77
50
85
88
18
52
1
17
58
8
77
50
85
88
18
52
1
17
58
8
77
50
85
88
18
52
1
17
58
8
77
50
85
88
18
52
1
17
58
8
77
50
85
88
18
52
1
17
58
8
77
50
85
88
18
52
1
17
58
8
77
50
85
88
18
52
1
17
58
8
77
50
85
88
18
52
1
17
58
8
77
50
85
88
18
52
1
17
58
8
77
50
85
88
18
52
1
17
58
8
77
50
85
88
18
52
1
17
58
8
77
50
85
88
18
52
1
17
58
8
77
50
85
88
18
52
1
