30
53
5
19
15
30
53
5
19
15
30
53
5
19
15
30
53
5
19
15
30
53
5
19
15
30
53
5
19
15
30
53
5
19
15
30
53
5
19
15
30
53
5
19
15
30
53
5
19
15
30
53
5
19
15
30
53
5
19
15
30
53
5
19
15
30
53
5
19
15
30
53
5
19
15
30
53
5
19
15
30
53
5
19
15
30
53
5
19
15
30
53
5
19
15
30
53
5
19
15
30
53
5
19
15
30
53
5
19
15
30
53
5
19
15
30
53
5
19
15
30
53
5
19
15
30
53
5
19
15
30
53
5
19
15
30
53
5
19
15
30
53
5
19
15
30
53
5
19
15
30
53
5
19
15
30
53
5
19
15
30
53
5
19
15
30
53
5
19
15
30
53
5
19
15
30
53
5
19
15
30
53
5
19
15
30
53
5
19
15
30
53
5
19
15
30
53
5
19
15
30
53
5
19
15
30
53
5
19
15
30
53
5
19
15
30
53
5
19
15
30
53
5
19
15
30
53
5
19
15
30
53
5
19
15
30
53
5
19
15
30
53
5
19
15
30
53
5
19
15
