8
55
19
14
54
9
53
117
149
13
8
55
19
14
54
9
53
117
149
13
8
55
19
14
54
9
53
117
149
13
8
55
19
14
54
9
53
117
149
13
8
55
19
14
54
9
53
117
149
13
8
55
19
14
54
9
53
117
149
13
8
55
19
14
54
9
53
117
149
13
8
55
19
14
54
9
53
117
149
13
8
55
19
14
54
9
53
117
149
13
8
55
19
14
54
9
53
117
149
13
8
55
19
14
54
9
53
117
149
13
8
55
19
14
54
9
53
117
149
13
8
55
19
14
54
9
53
117
149
13
8
55
19
14
54
9
53
117
149
13
8
55
19
14
54
9
53
117
149
13
8
55
19
14
54
9
53
117
149
13
8
55
19
14
54
9
53
117
149
13
8
55
19
14
54
9
53
117
149
13
8
55
19
14
54
9
53
117
149
13
8
55
19
14
54
9
53
117
149
13
8
55
19
14
54
9
53
117
149
13
8
55
19
14
54
9
53
117
149
13
8
55
19
14
54
9
53
117
149
13
8
55
19
14
54
9
53
117
149
13
8
55
19
14
54
9
53
117
149
13
8
55
19
14
54
9
53
117
149
13
8
55
19
14
54
9
53
117
149
13
8
55
19
14
54
9
53
117
149
13
8
55
19
14
54
9
53
117
149
13
8
55
19
14
54
9
53
117
149
13
8
55
19
14
54
9
53
117
149
13
8
55
19
14
54
9
53
117
149
13
8
55
19
14
54
9
53
117
149
13
8
55
19
14
54
9
53
117
149
13
8
55
19
14
54
9
53
117
149
13
8
55
19
14
54
9
53
117
149
13
8
55
19
14
54
9
53
117
149
13
8
55
19
14
54
9
53
117
149
13
8
55
19
14
54
9
53
117
149
13
8
55
19
14
54
9
53
117
149
13
8
55
19
14
54
9
53
117
149
13
8
55
19
14
54
9
53
117
149
13
8
55
19
14
54
9
53
117
149
13
8
55
19
14
54
9
53
117
149
13
8
55
19
14
54
9
53
117
149
13
8
55
19
14
54
9
53
117
149
13
8
55
19
14
54
9
53
117
149
13
8
55
19
14
54
9
53
117
149
13
8
55
19
14
54
9
53
117
149
13
8
55
19
14
54
9
53
117
149
13
