15
129
17
103
141
121
160
21
145
35
106
104
102
32
664
585
46
16
136
30
15
129
17
103
141
121
160
21
145
35
106
104
102
32
664
585
46
16
136
30
15
129
17
103
141
121
160
21
145
35
106
104
102
32
664
585
46
16
136
30
15
129
17
103
141
121
160
21
145
35
106
104
102
32
664
585
46
16
136
30
15
129
17
103
141
121
160
21
145
35
106
104
102
32
664
585
46
16
136
30
15
129
17
103
141
121
160
21
145
35
106
104
102
32
664
585
46
16
136
30
15
129
17
103
141
121
160
21
145
35
106
104
102
32
664
585
46
16
136
30
15
129
17
103
141
121
160
21
145
35
106
104
102
32
664
585
46
16
136
30
15
129
17
103
141
121
160
21
145
35
106
104
102
32
664
585
46
16
136
30
15
129
17
103
141
121
160
21
145
35
106
104
102
32
664
585
46
16
136
30
15
129
17
103
141
121
160
21
145
35
106
104
102
32
664
585
46
16
136
30
15
129
17
103
141
121
160
21
145
35
106
104
102
32
664
585
46
16
136
30
15
129
17
103
141
121
160
21
145
35
106
104
102
32
664
585
46
16
136
30
15
129
17
103
141
121
160
21
145
35
106
104
102
32
664
585
46
16
136
30
15
129
17
103
141
121
160
21
145
35
106
104
102
32
664
585
46
16
136
30
15
129
17
103
141
121
160
21
145
35
106
104
102
32
664
585
46
16
136
30
15
129
17
103
141
121
160
21
145
35
106
104
102
32
664
585
46
16
136
30
15
129
17
103
141
121
160
21
145
35
106
104
102
32
664
585
46
16
136
30
15
129
17
103
141
121
160
21
145
35
106
104
102
32
664
585
46
16
136
30
15
129
17
103
141
121
160
21
145
35
106
104
102
32
664
585
46
16
136
30
15
129
17
103
141
121
160
21
145
35
106
104
102
32
664
585
46
16
136
30
15
129
17
103
141
121
160
21
145
35
106
104
102
32
664
585
46
16
136
30
15
129
17
103
141
121
160
21
145
35
106
104
102
32
664
585
46
16
136
30
15
129
17
103
141
121
160
21
145
35
106
104
102
32
664
585
46
16
136
30
15
129
17
103
141
121
160
21
145
35
106
104
102
32
664
585
46
16
136
30
15
129
17
103
141
121
160
21
145
35
106
104
102
32
664
585
46
16
136
30
15
129
17
103
141
121
160
21
145
35
106
104
102
32
664
585
46
16
136
30
15
129
17
103
141
121
160
21
145
35
106
104
102
32
664
585
46
16
136
30
15
129
17
103
141
121
160
21
145
35
106
104
102
32
664
585
46
16
136
30
15
129
17
103
141
121
160
21
145
35
106
104
102
32
664
585
46
16
136
30
15
129
17
103
141
121
160
21
145
35
106
104
102
32
664
585
46
16
136
30
15
129
17
103
141
121
160
21
145
35
106
104
102
32
664
585
46
16
136
30
15
129
17
103
141
121
160
21
145
35
106
104
102
32
664
585
46
16
136
30
15
129
17
103
141
121
160
21
145
35
106
104
102
32
664
585
46
16
136
30
15
129
17
103
141
121
160
21
145
35
106
104
102
32
664
585
46
16
136
30
15
129
17
103
141
121
160
21
145
35
106
104
102
32
664
585
46
16
136
30
15
129
17
103
141
121
160
21
145
35
106
104
102
32
664
585
46
16
136
30
15
129
17
103
141
121
160
21
145
35
106
104
102
32
664
585
46
16
136
30
15
129
17
103
141
121
160
21
145
35
106
104
102
32
664
585
46
16
136
30
15
129
17
103
141
121
160
21
145
35
106
104
102
32
664
585
46
16
136
30
15
129
17
103
141
121
160
21
145
35
106
104
102
32
664
585
46
16
136
30
15
129
17
103
141
121
160
21
145
35
106
104
102
32
664
585
46
16
136
30
15
129
17
103
141
121
160
21
145
35
106
104
102
32
664
585
46
16
136
30
15
129
17
103
141
121
160
21
145
35
106
104
102
32
664
585
46
16
136
30
15
129
17
103
141
121
160
21
145
35
106
104
102
32
664
585
46
16
136
30
15
129
17
103
141
121
160
21
145
35
106
104
102
32
664
585
46
16
136
30
15
129
17
103
141
121
160
21
145
35
106
104
102
32
664
585
46
16
136
30
15
129
17
103
141
121
160
21
145
35
106
104
102
32
664
585
46
16
136
30
15
129
17
103
141
121
160
21
145
35
106
104
102
32
664
585
46
16
136
30
15
129
17
103
141
121
160
21
145
35
106
104
102
32
664
585
46
16
136
30
