184
545
705
318
388
489
358
618
455
496
392
326
254
486
447
546
256
364
549
261
255
386
6
719
594
184
545
705
318
388
489
358
618
455
496
392
326
254
486
447
546
256
364
549
261
255
386
6
719
594
184
545
705
318
388
489
358
618
455
496
392
326
254
486
447
546
256
364
549
261
255
386
6
719
594
184
545
705
318
388
489
358
618
455
496
392
326
254
486
447
546
256
364
549
261
255
386
6
719
594
184
545
705
318
388
489
358
618
455
496
392
326
254
486
447
546
256
364
549
261
255
386
6
719
594
184
545
705
318
388
489
358
618
455
496
392
326
254
486
447
546
256
364
549
261
255
386
6
719
594
184
545
705
318
388
489
358
618
455
496
392
326
254
486
447
546
256
364
549
261
255
386
6
719
594
184
545
705
318
388
489
358
618
455
496
392
326
254
486
447
546
256
364
549
261
255
386
6
719
594
184
545
705
318
388
489
358
618
455
496
392
326
254
486
447
546
256
364
549
261
255
386
6
719
594
184
545
705
318
388
489
358
618
455
496
392
326
254
486
447
546
256
364
549
261
255
386
6
719
594
184
545
705
318
388
489
358
618
455
496
392
326
254
486
447
546
256
364
549
261
255
386
6
719
594
184
545
705
318
388
489
358
618
455
496
392
326
254
486
447
546
256
364
549
261
255
386
6
719
594
184
545
705
318
388
489
358
618
455
496
392
326
254
486
447
546
256
364
549
261
255
386
6
719
594
184
545
705
318
388
489
358
618
455
496
392
326
254
486
447
546
256
364
549
261
255
386
6
719
594
184
545
705
318
388
489
358
618
455
496
392
326
254
486
447
546
256
364
549
261
255
386
6
719
594
184
545
705
318
388
489
358
618
455
496
392
326
254
486
447
546
256
364
549
261
255
386
6
719
594
184
545
705
318
388
489
358
618
455
496
392
326
254
486
447
546
256
364
549
261
255
386
6
719
594
184
545
705
318
388
489
358
618
455
496
392
326
254
486
447
546
256
364
549
261
255
386
6
719
594
184
545
705
318
388
489
358
618
455
496
392
326
254
486
447
546
256
364
549
261
255
386
6
719
594
184
545
705
318
388
489
358
618
455
496
392
326
254
486
447
546
256
364
549
261
255
386
6
719
594
184
545
705
318
388
489
358
618
455
496
392
326
254
486
447
546
256
364
549
261
255
386
6
719
594
184
545
705
318
388
489
358
618
455
496
392
326
254
486
447
546
256
364
549
261
255
386
6
719
594
184
545
705
318
388
489
358
618
455
496
392
326
254
486
447
546
256
364
549
261
255
386
6
719
594
184
545
705
318
388
489
358
618
455
496
392
326
254
486
447
546
256
364
549
261
255
386
6
719
594
184
545
705
318
388
489
358
618
455
496
392
326
254
486
447
546
256
364
549
261
255
386
6
719
594
184
545
705
318
388
489
358
618
455
496
392
326
254
486
447
546
256
364
549
261
255
386
6
719
594
184
545
705
318
388
489
358
618
455
496
392
326
254
486
447
546
256
364
549
261
255
386
6
719
594
184
545
705
318
388
489
358
618
455
496
392
326
254
486
447
546
256
364
549
261
255
386
6
719
594
184
545
705
318
388
489
358
618
455
496
392
326
254
486
447
546
256
364
549
261
255
386
6
719
594
184
545
705
318
388
489
358
618
455
496
392
326
254
486
447
546
256
364
549
261
255
386
6
719
594
184
545
705
318
388
489
358
618
455
496
392
326
254
486
447
546
256
364
549
261
255
386
6
719
594
184
545
705
318
388
489
358
618
455
496
392
326
254
486
447
546
256
364
549
261
255
386
6
719
594
184
545
705
318
388
489
358
618
455
496
392
326
254
486
447
546
256
364
549
261
255
386
6
719
594
184
545
705
318
388
489
358
618
455
496
392
326
254
486
447
546
256
364
549
261
255
386
6
719
594
184
545
705
318
388
489
358
618
455
496
392
326
254
486
447
546
256
364
549
261
255
386
6
719
594
184
545
705
318
388
489
358
618
455
496
392
326
254
486
447
546
256
364
549
261
255
386
6
719
594
184
545
705
318
388
489
358
618
455
496
392
326
254
486
447
546
256
364
549
261
255
386
6
719
594
184
545
705
318
388
489
358
618
455
496
392
326
254
486
447
546
256
364
549
261
255
386
6
719
594
184
545
705
318
388
489
358
618
455
496
392
326
254
486
447
546
256
364
549
261
255
386
6
719
594
184
545
705
318
388
489
358
618
455
496
392
326
254
486
447
546
256
364
549
261
255
386
6
719
594
184
545
705
318
388
489
358
618
455
496
392
326
254
486
447
546
256
364
549
261
255
386
6
719
594
184
545
705
318
388
489
358
618
455
496
392
326
254
486
447
546
256
364
549
261
255
386
6
719
594
184
545
705
318
388
489
358
618
455
496
392
326
254
486
447
546
256
364
549
261
255
386
6
719
594
184
545
705
318
388
489
358
618
455
496
392
326
254
486
447
546
256
364
549
261
255
386
6
719
594
184
545
705
318
388
489
358
618
455
496
392
326
254
486
447
546
256
364
549
261
255
386
6
719
594
184
545
705
318
388
489
358
618
455
496
392
326
254
486
447
546
256
364
549
261
255
386
6
719
594
184
545
705
318
388
489
358
618
455
496
392
326
254
486
447
546
256
364
549
261
255
386
6
719
594
184
545
705
318
388
489
358
618
455
496
392
326
254
486
447
546
256
364
549
261
255
386
6
719
594
184
545
705
318
388
489
358
618
455
496
392
326
254
486
447
546
256
364
549
261
255
386
6
719
594
184
545
705
318
388
489
358
618
455
496
392
326
254
486
447
546
256
364
549
261
255
386
6
719
594
