178
195
170
285
293
420
258
409
185
335
300
348
205
116
1365
329
223
275
288
345
247
439
105
240
168
196
201
248
1385
433
360
318
344
263
211
178
195
170
285
293
420
258
409
185
335
300
348
205
116
1365
329
223
275
288
345
247
439
105
240
168
196
201
248
1385
433
360
318
344
263
211
178
195
170
285
293
420
258
409
185
335
300
348
205
116
1365
329
223
275
288
345
247
439
105
240
168
196
201
248
1385
433
360
318
344
263
211
178
195
170
285
293
420
258
409
185
335
300
348
205
116
1365
329
223
275
288
345
247
439
105
240
168
196
201
248
1385
433
360
318
344
263
211
178
195
170
285
293
420
258
409
185
335
300
348
205
116
1365
329
223
275
288
345
247
439
105
240
168
196
201
248
1385
433
360
318
344
263
211
178
195
170
285
293
420
258
409
185
335
300
348
205
116
1365
329
223
275
288
345
247
439
105
240
168
196
201
248
1385
433
360
318
344
263
211
178
195
170
285
293
420
258
409
185
335
300
348
205
116
1365
329
223
275
288
345
247
439
105
240
168
196
201
248
1385
433
360
318
344
263
211
178
195
170
285
293
420
258
409
185
335
300
348
205
116
1365
329
223
275
288
345
247
439
105
240
168
196
201
248
1385
433
360
318
344
263
211
178
195
170
285
293
420
258
409
185
335
300
348
205
116
1365
329
223
275
288
345
247
439
105
240
168
196
201
248
1385
433
360
318
344
263
211
178
195
170
285
293
420
258
409
185
335
300
348
205
116
1365
329
223
275
288
345
247
439
105
240
168
196
201
248
1385
433
360
318
344
263
211
178
195
170
285
293
420
258
409
185
335
300
348
205
116
1365
329
223
275
288
345
247
439
105
240
168
196
201
248
1385
433
360
318
344
263
211
178
195
170
285
293
420
258
409
185
335
300
348
205
116
1365
329
223
275
288
345
247
439
105
240
168
196
201
248
1385
433
360
318
344
263
211
178
195
170
285
293
420
258
409
185
335
300
348
205
116
1365
329
223
275
288
345
247
439
105
240
168
196
201
248
1385
433
360
318
344
263
211
178
195
170
285
293
420
258
409
185
335
300
348
205
116
1365
329
223
275
288
345
247
439
105
240
168
196
201
248
1385
433
360
318
344
263
211
178
195
170
285
293
420
258
409
185
335
300
348
205
116
1365
329
223
275
288
345
247
439
105
240
168
196
201
248
1385
433
360
318
344
263
211
178
195
170
285
293
420
258
409
185
335
300
348
205
116
1365
329
223
275
288
345
247
439
105
240
168
196
201
248
1385
433
360
318
344
263
211
178
195
170
285
293
420
258
409
185
335
300
348
205
116
1365
329
223
275
288
345
247
439
105
240
168
196
201
248
1385
433
360
318
344
263
211
178
195
170
285
293
420
258
409
185
335
300
348
205
116
1365
329
223
275
288
345
247
439
105
240
168
196
201
248
1385
433
360
318
344
263
211
178
195
170
285
293
420
258
409
185
335
300
348
205
116
1365
329
223
275
288
345
247
439
105
240
168
196
201
248
1385
433
360
318
344
263
211
178
195
170
285
293
420
258
409
185
335
300
348
205
116
1365
329
223
275
288
345
247
439
105
240
168
196
201
248
1385
433
360
318
344
263
211
178
195
170
285
293
420
258
409
185
335
300
348
205
116
1365
329
223
275
288
345
247
439
105
240
168
196
201
248
1385
433
360
318
344
263
211
178
195
170
285
293
420
258
409
185
335
300
348
205
116
1365
329
223
275
288
345
247
439
105
240
168
196
201
248
1385
433
360
318
344
263
211
178
195
170
285
293
420
258
409
185
335
300
348
205
116
1365
329
223
275
288
345
247
439
105
240
168
196
201
248
1385
433
360
318
344
263
211
178
195
170
285
293
420
258
409
185
335
300
348
205
116
1365
329
223
275
288
345
247
439
105
240
168
196
201
248
1385
433
360
318
344
263
211
178
195
170
285
293
420
258
409
185
335
300
348
205
116
1365
329
223
275
288
345
247
439
105
240
168
196
201
248
1385
433
360
318
344
263
211
178
195
170
285
293
420
258
409
185
335
300
348
205
116
1365
329
223
275
288
345
247
439
105
240
168
196
201
248
1385
433
360
318
344
263
211
178
195
170
285
293
420
258
409
185
335
300
348
205
116
1365
329
223
275
288
345
247
439
105
240
168
196
201
248
1385
433
360
318
344
263
211
178
195
170
285
293
420
258
409
185
335
300
348
205
116
1365
329
223
275
288
345
247
439
105
240
168
196
201
248
1385
433
360
318
344
263
211
178
195
170
285
293
420
258
409
185
335
300
348
205
116
1365
329
223
275
288
345
247
439
105
240
168
196
201
248
1385
433
360
318
344
263
211
178
195
170
285
293
420
258
409
185
335
300
348
205
116
1365
329
223
275
288
345
247
439
105
240
168
196
201
248
1385
433
360
318
344
263
211
178
195
170
285
293
420
258
409
185
335
300
348
205
116
1365
329
223
275
288
345
247
439
105
240
168
196
201
248
1385
433
360
318
344
263
211
178
195
170
285
293
420
258
409
185
335
300
348
205
116
1365
329
223
275
288
345
247
439
105
240
168
196
201
248
1385
433
360
318
344
263
211
178
195
170
285
293
420
258
409
185
335
300
348
205
116
1365
329
223
275
288
345
247
439
105
240
168
196
201
248
1385
433
360
318
344
263
211
178
195
170
285
293
420
258
409
185
335
300
348
205
116
1365
329
223
275
288
345
247
439
105
240
168
196
201
248
1385
433
360
318
344
263
211
178
195
170
285
293
420
258
409
185
335
300
348
205
116
1365
329
223
275
288
345
247
439
105
240
168
196
201
248
1385
433
360
318
344
263
211
178
195
170
285
293
420
258
409
185
335
300
348
205
116
1365
329
223
275
288
345
247
439
105
240
168
196
201
248
1385
433
360
318
344
263
211
178
195
170
285
293
420
258
409
185
335
300
348
205
116
1365
329
223
275
288
345
247
439
105
240
168
196
201
248
1385
433
360
318
344
263
211
178
195
170
285
293
420
258
409
185
335
300
348
205
116
1365
329
223
275
288
345
247
439
105
240
168
196
201
248
1385
433
360
318
344
263
211
178
195
170
285
293
420
258
409
185
335
300
348
205
116
1365
329
223
275
288
345
247
439
105
240
168
196
201
248
1385
433
360
318
344
263
211
178
195
170
285
293
420
258
409
185
335
300
348
205
116
1365
329
223
275
288
345
247
439
105
240
168
196
201
248
1385
433
360
318
344
263
211
178
195
170
285
293
420
258
409
185
335
300
348
205
116
1365
329
223
275
288
345
247
439
105
240
168
196
201
248
1385
433
360
318
344
263
211
178
195
170
285
293
420
258
409
185
335
300
348
205
116
1365
329
223
275
288
345
247
439
105
240
168
196
201
248
1385
433
360
318
344
263
211
178
195
170
285
293
420
258
409
185
335
300
348
205
116
1365
329
223
275
288
345
247
439
105
240
168
196
201
248
1385
433
360
318
344
263
211
178
195
170
285
293
420
258
409
185
335
300
348
205
116
1365
329
223
275
288
345
247
439
105
240
168
196
201
248
1385
433
360
318
344
263
211
178
195
170
285
293
420
258
409
185
335
300
348
205
116
1365
329
223
275
288
345
247
439
105
240
168
196
201
248
1385
433
360
318
344
263
211
178
195
170
285
293
420
258
409
185
335
300
348
205
116
1365
329
223
275
288
345
247
439
105
240
168
196
201
248
1385
433
360
318
344
263
211
178
195
170
285
293
420
258
409
185
335
300
348
205
116
1365
329
223
275
288
345
247
439
105
240
168
196
201
248
1385
433
360
318
344
263
211
178
195
170
285
293
420
258
409
185
335
300
348
205
116
1365
329
223
275
288
345
247
439
105
240
168
196
201
248
1385
433
360
318
344
263
211
178
195
170
285
293
420
258
409
185
335
300
348
205
116
1365
329
223
275
288
345
247
439
105
240
168
196
201
248
1385
433
360
318
344
263
211
178
195
170
285
293
420
258
409
185
335
300
348
205
116
1365
329
223
275
288
345
247
439
105
240
168
196
201
248
1385
433
360
318
344
263
211
